15
15
15
14
15
14
15
14
15
15
15
16
15
16
15
16
15
16
15
15
15
14
15
14
15
14
15
14
15
15
15
16
15
16
15
16
15
15
15
15
15
14
15
14
16
14
15
15
15
15
15
16
15
15
15
15
15
15
15
15
16
14
16
14
14
15
14
15
15
15
15
15
16
15
16
15
16
15
15
15
14
15
14
15
14
15
14
15
15
15
16
15
16
15
16
15
15
15
15
15
16
15
14
15
14
15
14
15
16
15
16
15
16
15
16
15
15
15
15
15
14
15
14
15
14
15
15
15
15
15
14
14
14
14
14
14
14
14
14
14
12
11
8
-45
-130
-173
-251
-276
-319
-334
-354
-394
-409
-408
-388
-320
-276
-202
-16
12
13
14
14
14
14
16
19
60
193
232
363
429
476
523
536
549
550
549
524
482
352
271
174
18
18
18
17
16
17
16
17
16
15
14
15
14
15
13
12
12
2
-4
-6
8
14
16
15
15
19
18
19
18
20
18
19
19
19
19
19
20
19
19
18
19
19
19
19
19
20
18
19
18
20
19
19
19
19
19
19
19
18
20
18
19
18
19
19
19
19
19
20
19
20
19
20
19
19
19
19
19
18
19
18
19
18
19
19
19
20
19
20
19
20
19
20
19
19
19
18
19
18
19
18
19
18
19
19
19
20
19
20
19
20
19
20
19
19
19
18
19
18
19
19
19
19
19
19
19
20
19
20
19
20
19
19
19
19
19
18
19
18
19
18
19
19
19
19
19
19
19
20
18
19
18
19
19
19
19
19
20
19
20
19
20
19
19
19
19
19
19
19
18
19
18
19
19
19
19
19
20
18
20
19
20
19
19
19
19
19
18
19
18
19
18
19
19
19
19
19
20
19
20
19
20
19
19
19
18
19
18
19
18
19
19
19
19
19
20
19
20
18
19
19
19
19
19
19
19
20
19
20
19
20
19
19
19
19
19
19
19
18
19
18
19
19
19
19
19
20
19
20
19
20
19
19
19
18
19
18
19
18
19
18
19
19
19
20
19
20
19
19
19
19
19
20
19
19
19
18
19
18
19
18
19
18
19
19
19
19
19
19
18
19
19
20
19
19
19
19
19
19
20
19
19
18
19
19
19
20
19
20
19
20
19
20
19
20
19
18
19
18
19
18
19
18
19
19
19
19
19
20
19
20
19
20
19
20
19
18
19
18
19
18
19
18
19
18
19
19
19
20
19
20
18
19
19
20
19
19
19
18
19
18
19
18
19
19
19
19
19
20
19
19
19
19
19
19
19
19
19
18
20
19
20
19
19
19
19
19
19
20
18
19
18
19
18
19
20
19
20
19
20
19
20
19
19
19
19
19
19
19
18
19
18
19
18
19
19
19
19
19
20
19
19
19
20
19
19
19
18
19
18
19
18
19
18
19
18
19
20
19
20
19
20
19
20
19
19
19
18
19
18
20
19
19
18
19
19
19
20
19
20
18
19
19
20
19
19
19
18
19
18
20
18
19
19
19
19
19
19
19
20
18
19
18
19
19
19
19
19
19
18
19
19
20
19
19
19
19
19
19
20
19
20
18
19
19
19
19
19
19
18
19
18
20
19
19
19
19
19
19
19
18
19
18
19
18
19
19
19
19
19
19
19
19
19
20
19
19
19
19
19
18
19
18
19
18
19
19
19
20
19
20
18
20
19
20
19
19
19
18
19
18
19
18
19
18
19
18
19
20
19
20
19
20
19
20
19
19
19
18
19
18
19
18
19
18
19
19
19
20
19
20
19
20
19
20
19
19
19
18
19
18
19
18
19
19
19
19
19
19
19
20
19
20
18
19
19
19
19
19
19
18
19
19
20
19
19
19
19
19
19
20
18
19
18
19
19
19
19
19
19
19
20
18
19
19
20
19
19
19
18
19
19
19
18
19
18
19
19
19
19
19
19
19
20
19
20
19
19
19
19
19
18
19
18
19
18
19
19
19
19
19
20
19
20
19
20
19
20
19
18
19
18
19
18
19
18
19
18
19
20
19
20
19
20
19
20
19
19
19
18
19
18
19
18
19
18
19
18
19
20
19
20
19
20
19
20
19
20
19
19
19
18
19
18
19
18
19
18
19
19
19
20
19
20
19
20
19
20
19
19
19
18
19
18
20
19
19
19
19
19
19
20
19
20
19
20
19
19
19
19
19
19
19
18
19
18
19
19
19
19
19
19
19
20
19
20
18
19
19
19
19
19
19
18
19
18
20
19
19
19
19
19
19
20
18
19
18
19
19
19
19
19
19
19
20
19
20
19
20
19
19
19
19
19
18
19
18
19
18
19
19
19
19
19
20
19
20
19
20
19
19
19
18
19
18
19
18
19
18
19
20
19
20
19
20
19
20
19
20
19
19
19
18
19
18
19
18
19
18
19
19
19
20
19
20
19
19
19
19
19
19
19
18
19
18
19
18
19
19
19
19
19
20
19
20
18
19
18
19
19
19
19
19
19
18
19
19
20
18
19
19
19
19
19
20
18
19
18
19
19
19
19
19
20
18
20
19
20
19
19
19
19
19
19
19
18
19
18
19
18
19
19
19
20
19
20
19
20
19
20
19
19
19
18
19
18
19
18
19
18
19
19
19
20
19
20
19
20
19
20
19
18
19
18
19
18
19
18
19
19
19
19
19
20
19
20
18
19
19
19
19
19
19
18
19
18
19
19
19
19
19
19
19
20
19
20
18
19
19
19
19
19
19
18
19
18
20
19
19
19
19
19
19
19
19
19
18
19
18
19
19
19
19
19
19
18
20
19
20
19
19
19
18
19
18
19
18
19
18
19
19
19
19
19
20
19
20
19
20
19
19
19
18
19
18
19
18
19
18
19
19
19
20
19
20
19
20
19
19
19
19
19
18
19
18
19
18
19
19
19
19
19
20
19
20
19
19
19
19
19
19
19
18
19
18
20
19
20
19
19
19
19
19
19
19
18
19
18
19
19
19
19
19
19
18
20
19
20
19
19
19
19
19
19
20
18
19
18
19
19
19
19
19
19
19
20
18
20
18
20
19
19
19
18
19
19
19
18
19
18
19
19
19
19
19
20
19
20
19
20
19
18
19
19
19
18
19
18
19
18
19
19
19
20
19
20
19
20
19
20
19
19
19
18
19
18
19
18
19
18
19
19
19
20
19
20
19
20
19
19
19
19
19
18
19
18
19
18
19
19
19
19
19
20
19
20
19
20
19
19
19
19
19
19
19
18
19
18
19
19
19
19
19
19
19
20
19
20
19
20
19
19
19
19
20
19
20
19
20
19
19
19
19
19
18
19
18
19
19
19
19
19
20
19
20
19
20
19
20
19
19
19
18
19
18
19
18
19
19
19
19
19
20
19
19
18
19
19
19
19
19
19
18
20
18
20
19
19
18
19
19
19
20
18
19
18
19
18
19
19
19
19
19
20
18
20
19
19
19
18
19
19
19
18
19
18
19
18
19
19
19
19
19
20
19
20
19
20
19
19
19
19
19
19
19
18
19
18
19
18
19
20
19
20
19
20
19
20
19
20
19
19
19
18
19
18
19
18
19
19
19
20
19
20
19
20
19
20
19
20
19
18
19
18
19
18
19
18
19
19
19
19
19
20
19
20
19
20
19
19
19
19
19
18
19
19
20
19
19
19
19
19
19
20
19
20
18
20
19
19
19
19
20
18
20
18
20
19
19
19
19
19
19
19
18
19
18
19
18
19
19
19
19
19
20
19
20
19
20
19
19
19
18
19
19
19
18
19
19
19
20
19
20
19
20
19
20
19
20
19
19
19
18
19
18
19
18
19
19
19
19
19
20
19
20
19
20
19
19
19
19
19
19
19
18
19
18
19
19
18
19
19
20
19
20
18
20
19
20
19
19
19
18
19
18
20
19
20
19
19
19
18
19
19
20
18
20
19
20
18
19
19
19
19
18
20
19
20
19
19
19
19
19
19
20
18
19
18
19
19
19
20
19
20
19
20
19
20
19
20
19
19
19
18
19
19
19
18
19
18
19
19
19
20
19
20
19
20
19
20
19
18
19
18
19
18
20
18
19
19
19
20
19
20
19
20
19
19
19
19
19
19
19
18
19
18
19
19
19
19
19
19
19
20
19
20
19
20
19
20
19
19
19
18
19
18
20
19
19
18
19
19
19
20
19
20
18
19
19
19
19
19
19
19
19
19
20
19
20
19
19
18
19
19
19
20
19
19
19
19
19
19
19
19
19
18
19
19
20
18
19
19
19
19
19
20
18
20
18
19
19
19
19
19
19
19
20
19
20
19
20
19
19
19
18
19
18
19
18
19
18
19
19
19
19
19
19
19
20
19
20
19
19
19
19
19
18
19
18
19
19
19
20
19
20
19
20
19
20
19
20
19
20
19
18
19
18
19
18
19
18
19
19
19
19
19
20
19
19
19
19
19
19
19
18
19
18
19
18
19
18
19
19
19
20
19
20
19
20
19
20
19
19
19
19
19
18
19
18
19
19
19
19
19
19
19
20
19
19
19
19
19
19
19
19
19
18
19
19
20
19
19
19
19
19
19
20
18
19
18
19
18
19
19
19
19
19
20
19
20
19
20
19
19
19
19
19
18
20
18
20
18
19
19
19
20
19
20
18
20
19
20
19
19
19
18
19
18
19
18
19
18
19
19
19
19
19
19
19
20
19
20
19
19
19
18
19
18
19
18
19
18
19
19
19
20
19
20
19
20
19
20
19
20
19
19
19
18
19
18
19
19
19
19
19
18
19
20
19
20
19
20
19
19
19
20
19
18
19
18
20
18
19
19
19
19
19
20
19
20
18
20
19
19
19
19
19
18
19
18
20
19
19
18
19
19
19
19
19
20
19
20
19
19
19
19
19
19
20
18
19
18
20
19
19
19
19
19
19
20
18
19
18
19
19
19
19
19
19
18
20
19
20
19
19
19
19
19
19
19
18
20
18
19
18
19
20
19
20
19
19
19
20
19
20
19
19
19
19
19
19
19
19
19
18
19
19
19
20
19
20
19
20
19
20
19
19
19
19
19
18
19
18
20
19
19
19
19
20
19
20
19
20
19
20
19
19
19
18
19
18
19
19
19
18
19
19
19
20
19
20
19
20
19
20
19
19
19
19
19
18
19
18
20
19
19
19
19
19
19
20
19
19
18
20
19
19
19
19
19
18
19
18
20
19
19
19
19
19
19
19
18
19
19
19
19
19
19
19
19
18
19
19
20
19
20
19
19
19
18
19
19
19
18
19
19
19
19
19
19
19
20
19
20
19
20
19
19
19
19
19
18
19
18
19
18
19
19
19
19
19
20
19
20
19
20
19
19
19
19
19
18
19
18
19
18
19
19
19
20
19
20
19
20
19
20
19
20
19
18
19
18
19
18
19
18
19
19
19
20
19
20
19
20
19
20
19
19
19
19
19
18
19
18
19
18
19
19
19
19
19
20
19
20
19
20
19
19
19
19
19
18
19
18
19
19
19
19
19
19
19
20
19
20
19
19
19
19
19
19
19
19
19
18
19
19
20
19
19
19
19
19
19
20
19
19
18
19
19
19
19
19
19
18
20
19
20
19
19
19
19
19
19
20
18
20
18
19
19
19
19
19
20
19
19
19
20
18
19
19
19
20
19
19
18
19
19
19
19
19
20
20
20
19
20
19
20
19
20
19
18
19
19
19
18
19
18
19
18
19
20
19
20
18
20
18
20
19
19
19
19
19
18
19
18
19
19
19
19
19
19
19
20
19
20
19
20
19
20
19
19
19
18
19
18
20
19
19
19
19
19
19
20
18
19
18
20
18
19
19
19
19
19
19
18
19
19
20
19
19
19
19
19
19
20
19
19
18
19
19
19
19
19
19
18
20
18
20
19
19
19
19
19
18
20
18
20
19
20
18
19
19
19
19
19
19
18
20
19
20
19
19
19
19
19
18
20
18
19
18
19
19
19
19
19
19
19
20
19
20
19
19
19
18
19
19
14
18
19
18
19
18
19
19
19
19
19
20
19
20
19
20
19
18
19
18
19
18
19
18
19
19
19
19
19
19
19
20
19
20
19
20
19
18
19
18
19
18
19
19
19
18
19
19
20
19
19
20
19
20
19
20
18
19
19
19
19
18
19
18
19
18
19
19
19
20
19
20
19
20
19
19
19
19
19
18
19
18
19
18
19
18
19
18
19
19
19
20
19
20
18
20
19
19
19
19
19
18
12
12
-22
-34
-13
19
19
19
19
20
21
22
-27
-106
-143
-184
-192
-186
-185
-196
-246
-242
-189
-182
-176
-141
-104
13
14
14
14
14
14
16
16
16
16
16
16
16
16
16
16
17
18
16
17
17
17
13
13
14
1
-18
-143
-208
-287
-390
-434
-483
-484
-480
-430
-393
-299
-233
-163
-30
15
51
129
210
216
236
254
258
242
203
127
24
21
21
19
18
18
18
18
18
18
18
18
18
18
18
18
18
18
18
18
18
18
18
19
18
19
19
19
18
18
18
18
18
18
18
18
18
18
18
18
18
18
18
19
18
17
18
18
18
18
17
17
17
17
17
17
17
16
17
16
17
17
17
17
17
18
17
18
17
18
17
17
17
17
17
17
17
16
17
16
17
16
17
17
17
18
17
18
17
18
17
18
17
17
17
16
17
16
17
16
17
16
17
17
17
18
17
18
17
18
17
18
17
17
17
16
17
16
17
16
17
16
17
17
17
18
17
18
17
18
17
18
17
17
17
16
17
16
17
16
17
16
17
17
17
18
17
18
17
18
17
18
17
17
17
16
17
16
17
22
24
22
23
23
18
18
18
18
17
18
17
18
17
17
17
17
17
16
17
17
18
17
17
17
17
17
17
18
17
18
17
17
17
17
17
17
17
16
17
16
17
16
18
17
17
17
17
17
17
18
17
17
16
17
17
17
17
17
17
16
18
17
18
17
17
17
17
17
17
17
16
18
16
17
17
17
17
17
17
17
18
17
18
17
18
17
17
17
17
17
16
17
16
17
16
17
17
17
17
17
18
17
18
17
18
17
17
17
16
17
16
17
16
17
16
17
17
17
18
17
18
17
18
17
18
17
17
17
16
17
16
17
16
17
16
17
16
17
18
17
18
17
18
17
18
17
17
17
16
17
16
17
16
17
16
17
17
17
18
17
18
17
18
17
18
17
17
17
17
17
16
17
16
17
16
17
17
17
17
17
18
17
18
17
18
17
17
17
17
17
16
17
16
17
17
17
17
17
17
17
18
17
17
16
18
17
17
17
17
17
17
17
16
18
16
18
17
17
17
17
17
17
18
17
17
17
17
17
17
17
17
17
16
17
17
18
17
17
17
17
17
17
18
17
18
16
17
17
17
17
17
17
17
18
17
18
16
18
17
17
17
17
17
16
17
16
17
16
17
17
17
18
17
17
17
17
17
18
17
17
17
17
17
17
17
16
17
16
17
17
17
17
17
18
17
18
17
18
17
18
17
17
17
16
17
16
17
16
17
16
17
17
17
18
17
18
17
18
17
18
17
16
17
17
17
16
17
16
17
16
17
17
17
18
17
18
17
18
17
17
17
17
17
16
17
16
17
16
17
16
17
17
17
18
17
18
17
18
17
18
17
17
17
16
17
16
17
16
17
17
17
17
17
18
17
18
17
18
17
18
17
18
17
17
17
16
17
16
17
16
17
17
17
17
17
18
17
18
17
18
17
17
17
17
17
16
17
16
17
17
17
17
17
17
17
18
17
18
17
17
16
17
17
17
17
17
17
16
17
17
18
17
17
17
17
17
17
17
16
17
17
17
17
17
17
17
17
16
18
17
18
17
17
17
17
17
17
17
16
17
16
17
16
17
17
17
17
17
17
17
18
17
18
17
17
17
17
17
17
18
16
17
16
17
17
17
17
17
17
16
18
17
18
17
17
17
17
17
16
18
17
17
16
17
16
17
17
17
18
17
18
17
18
17
18
17
17
17
17
17
16
18
16
17
16
17
18
17
17
17
18
17
18
17
18
17
17
17
17
17
16
17
16
17
16
17
16
17
18
17
18
17
18
17
18
17
18
17
17
17
16
17
16
17
16
17
16
17
17
17
18
17
18
17
18
17
18
17
17
17
16
17
16
17
16
17
16
17
17
17
18
17
18
17
18
17
18
17
17
17
16
17
16
17
17
17
16
17
17
17
18
17
18
17
18
17
18
17
17
17
16
17
16
17
16
17
17
17
17
17
17
17
18
17
18
17
18
17
17
17
17
17
16
17
16
17
16
17
17
17
17
17
18
17
18
17
18
17
17
17
18
17
16
17
16
18
16
17
17
17
17
17
17
17
18
17
18
16
17
17
17
17
17
17
16
17
17
18
17
17
17
17
17
17
18
16
18
16
17
17
17
17
17
17
17
18
17
18
17
17
17
17
17
17
17
17
17
16
17
16
17
17
17
17
17
18
17
18
17
18
17
17
17
17
17
16
17
16
17
16
17
17
17
17
17
18
17
18
17
18
17
17
17
16
17
16
17
16
17
16
17
16
17
18
17
18
17
18
17
18
17
18
17
16
17
16
17
16
17
16
17
16
17
17
17
18
17
18
17
18
17
18
17
17
17
16
16
16
16
16
16
16
16
17
16
16
16
16
16
16
15
14
14
14
14
14
14
14
19
18
19
19
19
19
19
20
19
20
19
20
19
20
19
20
19
18
19
18
19
18
19
18
19
19
19
19
19
20
19
20
19
19
19
19
19
19
19
18
19
18
20
19
19
19
19
19
19
20
19
20
19
19
19
19
19
19
19
18
20
19
20
19
20
19
19
19
19
19
19
20
18
19
18
19
19
19
19
19
20
18
20
19
20
19
19
19
19
19
19
19
18
19
18
19
19
19
19
19
20
19
20
18
22
21
22
21
21
21
22
24
24
24
16
17
16
16
17
16
17
16
16
16
16
16
16
16
16
16
16
16
16
16
16
16
16
16
16
16
16
16
16
16
16
16
16
16
18
17
16
17
16
17
16
17
16
17
16
17
17
17
18
17
18
17
18
17
18
17
16
17
16
17
16
17
16
17
17
17
18
18
17
18
17
17
17
18
17
18
17
18
17
17
16
17
16
16
16
16
16
16
16
16
16
16
16
16
16
16
16
16
16
17
16
16
17
16
16
16
16
16
16
16
16
16
16
16
16
21
21
21
21
21
21
22
21
22
21
21
21
21
21
21
22
21
21
20
21
21
21
21
21
21
21
22
21
22
21
21
21
21
21
21
22
20
21
20
21
21
21
21
21
21
21
22
21
22
21
22
21
21
21
21
21
20
21
20
21
20
21
21
21
22
21
22
21
22
21
22
21
21
21
21
21
20
21
20
21
20
21
21
21
22
21
22
21
22
21
22
21
22
21
21
21
20
21
20
21
20
21
21
21
22
21
22
21
22
21
22
21
22
21
21
21
20
21
20
21
20
21
21
21
22
21
22
21
22
21
22
21
21
21
21
21
20
21
20
21
20
21
21
21
21
21
22
21
22
21
22
21
21
21
21
21
20
21
20
21
21
21
20
21
21
21
22
21
22
21
22
21
21
21
21
21
21
21
20
21
20
22
21
21
21
21
21
21
22
21
21
20
22
21
22
21
21
21
20
22
20
22
21
21
21
21
21
21
22
21
22
20
21
20
21
21
21
21
21
21
21
22
21
22
21
21
21
21
21
21
22
20
21
20
21
21
21
21
21
22
21
22
21
22
21
21
21
21
21
20
22
21
21
20
21
20
21
21
21
21
21
22
21
22
21
22
21
21
21
21
21
20
21
20
21
20
21
21
21
21
21
22
21
22
21
22
21
21
21
20
21
21
21
20
21
20
21
20
21
22
21
22
21
22
21
22
21
22
21
21
21
20
21
20
21
20
21
21
21
21
21
22
21
22
21
22
21
22
21
20
21
20
21
20
21
20
21
20
21
21
21
22
21
22
21
22
21
22
21
21
21
20
21
20
21
20
22
22
22
22
22
22
22
22
17
18
17
18
17
17
17
16
17
16
17
16
17
17
17
17
17
17
17
18
17
18
17
18
17
17
17
17
17
16
17
16
18
17
17
17
17
17
17
18
17
18
17
17
17
17
17
17
17
16
17
16
18
21
22
22
22
23
23
24
24
24
19
19
18
19
19
19
19
19
19
18
20
19
20
19
19
19
18
18
18
18
18
18
18
18
18
18
18
18
18
18
19
18
18
17
17
17
17
17
17
17
17
17
16
17
16
17
17
17
17
17
18
17
18
17
18
17
17
17
17
17
16
17
16
17
16
17
17
17
17
17
18
17
18
17
18
17
17
17
17
17
16
17
16
17
16
17
16
17
17
17
18
17
18
17
18
17
18
17
17
17
16
17
16
17
16
17
16
17
17
17
18
17
18
17
18
17
18
17
17
17
16
17
16
17
16
17
16
17
17
17
18
17
18
17
18
17
18
17
17
17
16
17
16
17
16
17
16
17
17
17
16
18
18
18
17
17
18
18
18
18
18
18
18
18
18
19
18
19
18
19
19
19
18
19
19
19
19
19
19
19
19
18
18
19
18
19
18
19
17
18
17
18
16
17
16
14
15
15
3
-5
-8
-8
-8
-8
-8
-8
-9
-10
-11
-11
-15
-18
-19
-22
-39
-86
-114
-161
-178
-212
-295
-312
-336
-338
-343
-351
-365
-413
-432
-448
-466
-467
-467
-466
-462
-452
-444
-437
-437
-437
-437
-435
-431
-430
-426
-422
-418
-410
-409
-410
-409
-406
-403
-403
-397
-382
-376
-374
-374
-383
-384
-384
-392
-404
-415
-414
-417
-417
-417
-419
-423
-422
-418
-417
-418
-418
-418
-418
-418
-423
-422
-422
-424
-418
-417
-413
-403
-322
-269
-246
-233
-168
-155
-155
-147
-138
-123
-104
-35
13
15
38
57
66
101
118
140
154
162
171
171
156
135
124
91
38
17
15
8
-9
-14
-48
-71
-89
-113
-125
-136
-145
-156
-165
-165
-165
-166
-166
-166
-166
-173
-172
-174
-178
-183
-177
-171
-172
-170
-163
-160
-159
-153
-147
-148
-154
-154
-154
-154
-155
-155
-157
-157
-158
-157
-151
-150
-149
-150
-149
-149
-149
-149
-148
-148
-142
-137
-122
-122
-123
-123
-122
-122
-121
-113
-112
-111
-104
-97
-94
-94
-93
-93
-93
-92
-90
-89
-60
-41
-3
9
13
14
16
17
17
18
17
17
17
18
18
17
18
17
16
17
17
16
18
17
18
17
17
16
16
17
18
18
29
36
116
126
128
135
159
184
184
197
209
209
220
228
233
257
261
270
269
268
268
261
250
239
227
206
194
137
127
124
114
85
40
35
20
18
19
18
18
18
18
18
17
17
17
17
17
16
15
16
17
16
16
16
16
15
15
15
14
16
15
15
15
14
20
19
19
19
19
19
18
20
19
19
19
20
19
19
18
19
22
22
22
22
22
22
16
17
18
17
17
16
16
17
16
16
16
16
16
16
15
15
15
15
16
15
16
15
14
15
14
15
15
15
15
14
15
15
15
15
19
22
24
30
30
30
30
30
30
30
30
33
36
47
50
57
98
112
127
132
148
175
183
194
196
195
188
188
201
204
206
217
222
227
231
233
247
248
248
239
219
217
215
214
213
213
206
201
180
170
154
138
128
126
124
129
139
149
172
184
184
178
178
176
165
160
160
160
159
159
138
126
120
110
103
98
98
97
90
90
90
90
90
95
103
98
97
96
96
92
84
85
74
74
81
80
63
55
55
55
65
72
87
83
70
64
64
64
64
63
63
63
62
68
71
71
72
72
72
72
71
73
72
72
108
118
123
128
131
150
157
166
188
188
206
212
216
216
217
206
201
201
199
195
188
188
182
165
158
152
152
157
158
142
138
149
154
154
143
130
125
125
123
124
124
120
109
107
105
97
82
59
48
29
16
16
16
16
16
16
16
16
16
16
20
21
20
20
20
20
21
22
22
22
22
22
22
16
18
15
15
14
14
13
14
14
14
17
20
20
20
20
20
19
20
19
19
20
20
21
20
20
20
19
20
20
20
20
20
20
21
22
21
29
30
30
25
22
19
19
18
18
18
18
16
17
16
17
24
27
26
20
18
18
18
18
17
22
19
18
19
20
18
28
35
61
102
112
124
128
132
135
141
158
159
162
161
162
157
157
161
169
182
186
193
210
210
208
209
208
203
202
185
166
137
94
92
64
39
18
15
15
15
15
14
14
15
16
21
20
20
20
19
20
21
21
21
29
36
36
48
66
125
128
136
212
220
265
288
300
305
310
310
310
295
281
284
284
283
292
309
321
334
341
354
355
357
357
357
326
306
268
217
194
151
126
104
57
54
33
30
18
17
15
16
14
15
15
15
14
16
16
15
15
20
22
32
51
61
123
128
130
131
136
160
170
183
194
210
217
218
220
220
214
198
196
196
196
185
160
143
126
116
108
55
38
33
27
18
18
18
18
19
18
18
17
24
26
30
29
31
28
33
31
30
34
35
38
54
60
68
86
85
132
157
175
188
193
189
183
187
169
161
166
167
167
158
156
165
165
165
164
168
162
161
158
141
141
126
119
68
44
27
17
16
18
16
16
12
14
13
10
9
8
8
1
2
0
-2
0
-2
-4
-3
-8
-11
-24
-40
-42
-43
-41
-42
-27
-23
-23
-23
-14
-8
-3
11
14
15
15
17
19
18
21
23
33
37
36
36
28
16
12
-13
-103
-115
-125
-134
-143
-145
-144
-145
-132
-123
-90
-57
-43
-46
-44
-22
-10
5
3
-2
-13
-13
-10
0
1
3
2
6
11
12
15
15
15
16
16
16
16
16
16
15
16
16
12
11
9
9
9
14
9
-14
-23
-24
-60
-94
-104
-104
-107
-124
-135
-149
-148
-148
-152
-152
-152
-154
-156
-155
-151
-148
-147
-148
-146
-147
-144
-145
-145
-149
-154
-168
-172
-173
-173
-173
-161
-167
-167
-159
-158
-160
-153
-148
-143
-132
-121
-107
-96
-81
-51
-21
-18
-13
-9
-4
13
14
15
16
16
16
17
18
18
23
31
33
45
106
134
139
143
170
168
153
140
132
111
106
111
103
98
93
76
74
71
59
60
64
41
39
41
36
37
38
35
36
35
36
36
35
36
36
36
36
36
31
26
24
24
27
25
31
36
107
120
125
129
134
158
172
188
188
192
198
198
198
198
193
182
150
128
102
71
42
34
28
23
24
21
24
23
22
16
14
16
14
13
8
4
-3
-49
-58
-102
-123
-144
-168
-182
-200
-211
-216
-218
-219
-207
-207
-210
-210
-213
-204
-201
-192
-194
-188
-183
-185
-182
-184
-180
-175
-176
-175
-176
-174
-174
-176
-174
-174
-169
-162
-168
-169
-166
-165
-176
-172
-184
-189
-189
-193
-196
-215
-212
-211
-213
-211
-199
-204
-206
-209
-203
-192
-177
-178
-178
-178
-178
-178
-155
-138
-137
-113
-96
-92
-52
-41
-56
-56
-49
-46
-42
-42
-42
-42
-37
-45
-50
-54
-52
-48
-48
-56
-50
-52
-51
-53
-49
-54
-62
-57
-52
-53
-57
-80
-87
-107
-124
-148
-150
-150
-198
-185
-185
-215
-205
-216
-205
-207
-215
-214
-214
-206
-202
-202
-196
-169
-159
-152
-132
-128
-101
-98
-89
-82
-78
-59
-36
-10
15
13
17
14
15
20
28
32
38
58
120
125
132
140
156
165
162
158
125
44
15
8
-36
-71
-90
-112
-121
-152
-159
-189
-169
-174
-193
-205
-220
-219
-214
-203
-200
-218
-224
-230
-232
-232
-221
-218
-212
-214
-204
-191
-186
-183
-166
-164
-157
-154
-147
-126
-115
-96
-78
-35
-4
8
14
16
16
16
16
15
15
18
17
17
16
17
18
18
17
16
17
17
16
15
17
17
16
16
17
18
16
18
18
16
16
18
17
14
13
12
12
10
8
7
6
5
4
5
5
3
3
-1
-3
-3
-2
-3
-3
-3
-2
-3
-3
-3
-6
-8
-7
-8
-7
-8
-3
-1
1
-1
-1
-2
-6
-10
-6
-7
-7
-8
-3
-3
-3
-2
-1
-1
-2
-1
3
3
5
6
6
6
5
6
8
7
7
9
9
6
8
7
8
8
8
8
7
8
9
9
8
9
10
10
10
8
11
13
11
12
12
12
12
12
12
13
12
13
13
13
13
13
12
14
13
14
13
13
12
14
13
13
14
14
13
13
13
13
12
14
11
14
14
14
16
14
16
14
14
15
14
14
14
15
14
15
14
13
9
9
9
10
10
-5
-13
-26
-34
-43
-43
-36
-35
-35
-34
-36
-40
-41
-47
-81
-87
-88
-90
-90
-90
-90
-90
-84
-83
-83
-78
-74
-67
-66
-66
-65
-57
-31
-20
-12
-4
2
6
6
14
13
14
14
14
14
14
14
15
14
14
14
14
14
15
15
16
16
16
16
16
17
15
17
19
19
19
17
19
22
19
19
19
18
18
19
20
20
20
20
20
19
20
17
16
16
14
14
15
14
14
14
14
14
15
13
14
14
14
13
13
13
14
14
14
14
15
15
13
12
13
11
12
12
10
12
12
10
9
5
4
5
0
-6
-7
-10
-13
-20
-20
-48
-80
-87
-87
-88
-92
-104
-114
-114
-114
-118
-120
-119
-123
-133
-164
-165
-165
-165
-166
-168
-168
-168
-172
-179
-177
-187
-205
-206
-204
-208
-206
-226
-231
-233
-234
-234
-236
-241
-251
-289
-295
-294
-296
-294
-294
-294
-288
-285
-266
-257
-252
-252
-252
-257
-251
-243
-244
-249
-248
-248
-253
-262
-261
-262
-263
-263
-259
-259
-258
-258
-258
-264
-266
-267
-268
-259
-252
-260
-268
-269
-269
-269
-269
-263
-260
-266
-278
-289
-299
-298
-294
-292
-290
-283
-282
-282
-282
-282
-283
-283
-282
-279
-277
-277
-278
-278
-282
-281
-283
-283
-284
-284
-283
-282
-282
-285
-284
-285
-278
-276
-276
-276
-276
-276
-275
-271
-271
-271
-268
-264
-262
-262
-262
-261
-260
-262
-262
-261
-259
-257
-255
-256
-255
-255
-254
-253
-253
-248
-246
-242
-242
-241
-242
-240
-240
-236
-232
-232
-232
-231
-228
-224
-220
-221
-220
-217
-203
-199
-199
-192
-185
-179
-179
-178
-179
-176
-172
-168
-164
-161
-160
-169
-208
-239
-249
-250
-246
-243
-241
-224
-218
-210
-197
-195
-191
-190
-191
-188
-190
-194
-195
-195
-194
-195
-194
-195
-190
-182
-179
-178
-178
-177
-175
-176
-176
-176
-175
-175
-173
-173
-171
-170
-171
-170
-168
-170
-169
-175
-176
-175
-177
-177
-175
-176
-175
-176
-176
-176
-177
-182
-181
-177
-179
-177
-177
-179
-180
-177
-177
-178
-178
-184
-183
-182
-184
-186
-184
-185
-184
-181
-182
-180
-181
-177
-176
-178
-177
-178
-181
-181
-189
-198
-200
-190
-196
-203
-179
-179
-170
-158
-146
-102
-67
-6
-6
20
16
20
51
88
122
142
163
208
218
229
232
243
265
259
258
256
258
233
220
181
138
117
62
54
29
20
17
17
15
14
14
15
14
15
16
16
14
14
19
21
18
17
20
20
20
20
20
20
19
28
33
32
32
35
18
16
20
18
18
26
30
30
29
25
23
24
23
29
28
31
34
35
35
28
20
20
18
19
18
19
17
18
20
19
17
18
19
19
8
21
24
24
26
24
18
19
20
20
18
23
25
28
26
28
27
28
29
29
29
33
38
61
65
77
76
76
76
66
54
52
50
40
32
18
19
20
16
19
17
17
18
18
18
17
18
19
18
20
18
20
19
23
23
24
22
24
23
23
22
23
29
24
25
27
27
27
29
28
27
29
28
28
21
19
18
19
17
17
17
16
17
14
16
16
12
14
15
16
13
13
14
15
15
12
13
13
14
14
16
14
20
19
20
20
20
20
20
20
21
20
20
20
22
23
23
31
36
38
39
38
39
38
37
38
40
49
52
57
59
82
104
107
125
128
139
155
160
163
168
168
169
169
177
179
174
174
174
188
188
201
206
209
210
210
215
206
207
206
204
201
201
201
192
184
164
150
141
133
125
110
97
32
17
17
17
16
16
14
16
14
14
14
14
14
12
12
12
12
12
12
12
16
16
18
17
17
17
18
17
17
18
18
17
17
17
17
17
18
18
18
18
18
18
17
18
19
19
19
19
19
19
20
18
20
18
19
19
19
20
19
20
19
19
19
19
18
19
19
19
20
18
19
19
20
19
18
20
19
20
19
18
20
19
20
20
20
20
19
19
19
20
18
19
19
20
19
19
19
19
20
19
22
26
24
28
34
40
39
38
38
38
41
35
31
31
28
27
28
29
28
32
34
33
36
37
35
37
37
38
38
43
45
40
38
39
40
38
39
40
37
37
38
38
38
38
37
38
37
36
34
35
33
34
34
33
33
32
33
31
29
27
25
25
25
26
25
26
23
24
22
22
22
21
20
20
21
20
26
26
26
26
26
27
28
28
28
28
28
28
20
19
19
19
20
19
20
19
20
19
20
19
19
24
28
34
36
38
42
58
82
108
125
127
134
146
157
169
174
186
188
189
179
179
182
173
172
169
164
161
160
160
159
159
157
159
159
157
156
154
156
155
154
154
151
139
138
134
130
131
128
126
124
124
122
124
124
121
122
120
120
119
118
117
117
116
115
114
109
105
105
105
104
103
102
103
102
94
89
78
78
77
75
77
75
76
76
77
76
81
86
86
86
96
112
118
132
136
137
146
166
188
188
188
197
195
197
198
198
193
193
192
192
190
180
170
135
126
116
108
97
59
53
36
19
18
17
17
18
16
17
16
16
16
14
13
14
13
14
13
13
14
13
14
15
13
12
13
13
12
13
13
13
12
13
14
14
13
12
14
13
13
12
13
14
13
14
13
13
14
13
12
13
12
13
17
18
17
16
17
18
18
17
18
16
18
16
17
17
17
17
17
18
18
18
18
18
18
18
18
18
18
18
18
18
18
19
18
18
18
19
18
18
18
18
18
18
19
14
15
14
15
13
14
14
13
12
10
9
6
2
2
-2
-4
-3
-7
-8
-8
-7
-8
-8
-9
-9
-4
-4
-3
-3
-3
-2
-6
-6
-7
-8
-5
-6
-8
-7
-22
-22
-15
-14
-16
-15
-15
-14
-15
-14
-5
-3
5
6
14
16
17
16
18
19
18
18
17
18
19
18
18
19
19
20
19
18
18
18
19
18
20
20
20
36
40
39
56
62
66
74
102
113
110
104
106
106
76
53
20
2
23
23
14
17
16
23
21
26
27
28
27
31
18
16
16
16
17
15
17
16
16
16
16
20
21
22
22
22
22
22
22
22
21
24
23
24
23
22
23
21
22
18
17
18
17
18
22
22
23
23
22
22
24
25
26
31
38
72
130
138
194
215
217
228
233
240
240
239
248
254
258
264
269
269
269
268
269
265
265
264
260
262
260
262
261
261
259
260
259
259
258
258
258
259
258
258
258
263
263
262
264
264
265
264
268
290
295
310
320
327
334
332
335
335
335
335
337
332
333
337
334
333
335
334
333
330
330
328
329
328
328
322
275
248
204
171
161
140
128
106
104
102
104
104
101
102
91
77
67
55
54
56
60
62
59
66
78
100
111
120
126
130
128
127
135
135
136
141
151
162
162
168
174
169
164
166
171
172
172
191
201
219
219
221
231
234
252
259
260
272
284
287
290
290
291
290
289
285
283
284
282
284
285
283
283
279
279
276
272
273
272
266
265
261
259
258
239
226
208
187
152
47
18
15
15
6
-33
-67
-111
-128
-144
-166
-181
-203
-211
-223
-252
-267
-292
-302
-310
-319
-321
-332
-335
-336
-348
-355
-370
-374
-378
-378
-378
-380
-379
-372
-371
-371
-370
-368
-366
-366
-366
-365
-365
-364
-363
-361
-355
-354
-353
-352
-352
-346
-345
-342
-342
-341
-335
-332
-320
-317
-311
-271
-219
-176
-164
-146
-100
-92
-87
-64
0
16
17
20
30
54
74
107
127
139
188
207
220
234
242
252
259
264
266
267
267
268
267
263
261
259
256
253
243
248
247
243
239
222
222
218
206
196
162
129
69
52
17
18
16
16
16
16
16
17
16
17
21
20
22
23
24
27
30
35
38
42
58
66
68
84
108
127
135
144
168
180
187
182
186
186
195
205
208
208
198
205
196
184
182
181
182
165
146
137
137
136
126
126
118
118
118
116
115
105
77
62
53
51
39
40
44
46
38
36
36
35
41
43
30
22
19
18
18
18
18
17
18
18
18
18
18
18
18
18
17
17
17
17
17
17
17
17
18
22
22
21
22
22
23
24
23
24
23
18
19
24
22
23
27
26
28
28
30
31
31
32
33
33
36
36
42
44
39
40
39
39
40
39
40
40
38
48
45
38
38
34
34
34
33
33
33
38
38
52
61
93
114
124
126
125
116
108
101
98
96
86
86
84
84
85
84
84
68
63
55
53
56
62
69
80
89
90
112
113
104
115
126
120
119
129
135
134
134
138
148
150
149
146
147
161
161
160
165
176
176
176
171
190
185
180
180
180
179
179
192
201
208
216
218
218
221
228
232
237
264
263
266
268
270
269
270
266
263
262
261
260
261
261
262
258
247
239
238
239
235
231
231
230
228
233
231
229
228
229
220
218
215
208
201
191
182
162
146
135
129
128
119
118
90
68
58
34
23
18
15
16
16
14
16
14
16
15
15
13
8
15
16
16
17
20
19
18
18
18
19
18
19
19
22
21
27
27
28
29
31
27
32
33
28
23
15
20
18
20
18
18
18
24
21
18
17
20
19
16
21
20
21
18
20
19
17
18
19
20
19
20
18
20
19
20
20
19
18
18
19
20
19
20
19
20
20
19
19
18
20
18
19
19
19
19
19
20
19
19
19
19
19
20
18
19
18
19
19
19
20
19
20
24
24
25
25
24
26
27
30
29
29
28
29
29
29
30
29
30
30
32
31
32
30
31
31
31
30
30
31
31
32
31
31
31
31
32
31
32
22
22
22
22
22
22
23
21
23
19
17
15
16
14
13
11
12
15
13
12
15
16
16
17
18
18
17
18
18
17
19
17
19
18
18
18
18
18
18
18
20
19
20
20
20
21
19
20
21
20
20
20
21
20
21
20
17
16
17
15
15
15
16
15
15
15
16
15
13
14
13
16
12
12
13
14
14
10
10
9
9
5
3
3
3
2
-1
-3
-3
-3
-3
-2
-3
-3
-3
-3
5
5
4
6
6
6
6
7
7
6
10
11
11
14
14
15
15
15
15
15
17
18
18
19
17
19
19
19
19
19
19
18
19
19
20
20
20
21
20
19
20
20
20
20
21
20
21
20
21
20
20
20
20
20
20
20
22
22
23
20
23
23
22
22
22
24
18
18
19
18
18
18
29
31
35
38
53
61
68
80
118
131
168
191
216
220
221
225
225
231
231
228
222
220
210
204
204
191
184
171
162
161
162
152
150
150
144
129
124
124
124
121
123
120
133
138
139
139
140
139
136
135
142
141
144
151
158
157
157
168
168
164
159
159
158
159
158
155
155
156
162
164
163
158
175
194
181
165
144
128
116
102
74
49
52
61
72
84
106
129
129
130
124
123
126
115
82
99
77
68
68
73
73
74
71
83
88
86
78
79
80
75
86
86
86
86
86
86
86
86
133
140
120
146
110
120
121
136
194
195
192
197
198
200
198
200
195
194
192
194
194
190
186
186
188
185
185
186
185
184
183
183
178
167
166
163
162
160
154
154
154
146
137
131
134
144
130
123
109
108
104
78
74
60
49
37
37
36
28
28
26
19
19
20
19
17
17
17
18
18
18
18
17
17
17
17
17
17
17
16
16
16
16
16
17
16
17
16
16
15
15
14
15
14
15
15
15
13
12
12
13
12
12
12
7
3
3
12
14
14
15
14
14
15
16
16
15
15
9
9
9
6
-11
-22
-41
-44
-79
-129
-139
-151
-159
-163
-164
-164
-170
-176
-183
-184
-185
-192
-195
-194
-194
-194
-195
-195
-192
-191
-191
-191
-190
-183
-177
-173
-155
-150
-141
-130
-114
-84
-80
-66
-49
-21
0
14
16
15
15
18
18
19
18
19
18
19
19
20
22
26
31
57
70
71
76
77
79
79
82
86
98
117
131
138
142
150
175
191
196
201
201
223
222
231
242
252
263
265
267
272
272
272
272
267
264
261
260
258
260
254
244
222
209
176
160
145
136
130
126
120
106
103
103
103
103
108
112
116
121
123
123
124
124
130
132
131
131
131
134
129
128
128
128
125
124
122
123
124
118
109
98
97
92
68
65
52
44
44
42
40
36
36
36
36
37
36
36
31
29
29
28
22
19
19
19
19
18
17
19
18
17
18
19
18
18
16
17
16
16
15
15
15
16
15
15
20
20
20
20
22
22
22
22
22
17
18
17
16
17
16
16
15
15
15
15
15
16
15
15
14
12
12
12
12
12
12
12
12
12
7
2
-3
-30
-80
-136
-152
-163
-182
-190
-197
-196
-196
-204
-211
-217
-204
-191
-187
-183
-178
-177
-175
-172
-171
-169
-168
-166
-163
-163
-161
-159
-136
-120
-109
-45
-8
15
15
15
27
32
37
51
66
87
106
126
128
130
128
128
128
121
112
106
101
39
30
27
26
20
19
19
19
19
20
18
19
25
25
23
24
29
28
36
53
106
114
143
157
164
212
222
243
265
286
301
308
322
322
322
323
322
319
318
315
310
309
309
310
304
302
300
295
288
277
264
259
240
237
237
236
236
234
234
233
233
232
229
229
229
229
229
228
227
227
227
227
227
228
227
227
228
227
227
227
227
227
225
225
222
222
221
222
220
220
219
218
219
219
228
229
228
228
228
228
228
220
217
215
208
208
201
198
197
194
186
178
176
176
175
175
174
174
174
172
169
168
165
163
160
158
137
136
135
134
132
125
123
123
122
124
120
120
116
115
115
120
119
119
119
123
124
124
120
119
124
125
125
120
121
120
119
119
119
118
104
96
107
128
119
116
37
18
19
19
19
23
30
37
24
27
28
19
32
33
20
20
20
30
28
29
31
41
86
112
134
140
140
134
127
130
130
124
126
131
135
134
142
169
184
210
218
211
220
221
214
210
184
180
172
163
163
161
160
159
188
194
216
222
223
224
223
226
232
252
261
264
276
281
284
288
282
236
209
188
161
160
166
172
186
206
212
208
209
213
211
211
222
224
227
233
234
242
246
244
245
239
233
233
226
225
223
220
208
203
199
197
177
173
170
166
150
139
139
140
140
139
134
128
127
131
134
135
135
136
136
131
123
107
97
86
51
35
32
22
21
20
18
17
16
16
6
4
6
5
6
1
-5
-16
-28
-27
-42
-46
-49
-60
-81
-87
-87
-86
-84
-87
-85
-81
-82
-96
-102
-100
-100
-93
-92
-89
-86
-87
-86
-82
-84
-80
-79
-78
-70
-66
-57
-58
-57
-54
-53
-53
-53
-54
-53
-53
-52
-52
-53
-53
-51
-51
-50
-49
-48
-48
-47
-48
-48
-52
-55
-65
-73
-82
-82
-82
-66
-64
-56
-58
-69
-72
-77
-98
-117
-142
-152
-161
-178
-192
-246
-265
-277
-302
-308
-318
-323
-325
-336
-345
-365
-372
-382
-416
-430
-443
-444
-449
-459
-464
-468
-470
-474
-473
-474
-474
-475
-475
-486
-486
-487
-488
-464
-447
-432
-395
-370
-325
-320
-320
-308
-320
-352
-360
-364
-365
-360
-350
-348
-342
-328
-325
-319
-318
-318
-318
-319
-318
-317
-312
-311
-312
-310
-309
-305
-302
-292
-270
-259
-249
-234
-226
-215
-216
-203
-194
-188
-171
-156
-78
-35
-9
14
17
17
18
19
24
32
70
114
134
164
194
208
222
218
219
226
223
223
223
223
222
223
223
223
226
225
225
224
220
209
203
191
181
130
116
102
57
35
22
22
20
20
20
19
19
20
19
19
18
19
19
19
19
19
20
18
24
29
45
57
61
74
88
90
86
85
64
60
37
35
30
19
19
28
27
23
23
23
24
22
24
30
33
55
66
70
68
69
68
70
79
102
109
126
127
121
118
119
119
119
118
119
118
117
123
119
119
128
126
129
130
130
129
129
129
129
121
106
102
94
66
58
42
37
36
35
32
24
22
22
20
20
21
20
21
21
20
19
18
18
18
19
18
18
18
18
18
23
23
24
22
23
22
17
16
16
16
20
21
20
20
23
23
24
23
21
22
22
22
24
22
22
22
22
15
16
16
15
16
16
16
15
16
17
20
19
25
61
69
114
130
136
137
137
172
180
188
187
182
186
186
180
180
180
179
178
180
178
173
164
146
132
128
125
109
81
54
42
32
25
25
27
22
19
25
24
13
43
20
25
24
22
23
24
23
23
24
23
23
21
21
21
22
20
20
21
18
18
20
20
20
20
20
18
20
19
18
19
19
19
19
20
19
20
20
19
19
19
19
19
19
18
18
18
18
17
18
19
18
19
18
19
18
17
19
18
18
18
19
23
24
25
26
32
36
92
111
117
133
138
142
148
152
153
147
146
145
142
141
139
139
139
136
139
138
138
136
131
125
126
126
122
120
117
119
107
110
109
107
107
111
126
112
108
88
101
106
68
93
81
65
59
58
57
59
64
67
77
102
101
91
79
69
75
86
86
85
99
91
89
89
87
83
84
101
100
93
91
90
71
77
80
94
97
86
80
76
76
76
76
76
74
74
75
75
75
73
70
70
67
63
61
54
49
38
38
38
36
31
29
28
30
21
20
20
20
19
20
19
19
20
19
28
30
33
37
36
38
42
52
53
75
97
106
116
114
108
114
106
83
77
70
69
57
46
36
33
33
31
31
30
29
27
27
26
27
27
27
24
24
23
24
25
24
23
24
25
22
22
22
22
22
23
22
22
22
22
22
22
27
26
28
22
23
23
24
23
24
23
24
24
23
23
28
30
30
33
32
36
37
36
36
36
37
36
36
36
37
36
37
36
36
37
46
47
41
41
47
47
42
48
50
55
54
57
58
58
59
66
67
66
66
68
72
72
78
77
80
79
82
83
82
82
91
98
105
107
109
117
119
114
113
109
110
120
123
116
120
124
124
119
119
125
125
121
120
119
120
120
120
119
121
119
120
119
119
114
108
108
108
106
107
106
106
104
104
102
102
98
99
99
99
97
98
95
90
89
88
88
86
79
77
75
69
58
48
37
33
31
32
30
29
29
28
30
28
26
26
26
27
26
32
30
31
30
31
29
30
31
31
30
31
30
30
30
30
31
30
30
30
30
30
30
31
31
32
33
33
35
35
39
41
41
41
42
51
55
56
55
55
55
59
66
69
80
94
101
95
94
91
92
91
88
88
88
87
107
108
114
119
129
132
135
141
146
157
183
192
197
204
210
212
215
214
215
219
218
209
209
219
220
214
210
210
207
207
205
204
204
204
204
203
188
163
143
129
126
125
124
120
117
116
115
116
124
127
129
129
129
129
129
121
115
112
110
117
124
123
118
113
110
92
72
51
36
19
19
16
12
12
1
-18
-51
-119
-128
-159
-168
-172
-173
-172
-173
-173
-166
-163
-161
-152
-142
-89
-38
-14
-12
-11
-8
-16
-31
-42
-43
-34
-30
-29
-29
-34
-38
-38
-38
-38
-39
-31
-31
-28
-24
-25
-25
-25
-25
-25
-31
-31
-32
-31
-30
-31
-27
-25
-26
-26
-25
-25
-30
-32
-28
-28
-24
-22
-17
-17
-15
-4
6
16
17
18
17
18
19
19
19
20
24
31
48
64
112
129
138
141
146
175
185
193
194
205
205
210
221
220
221
228
235
234
237
242
243
242
237
237
232
230
226
224
225
221
221
221
220
221
220
221
216
209
206
181
169
158
151
150
145
144
145
142
142
130
90
18
18
17
16
14
14
13
12
12
8
-1
-14
-26
-58
-89
-120
-130
-138
-150
-157
-168
-176
-182
-184
-188
-199
-202
-202
-220
-234
-240
-240
-239
-240
-240
-240
-236
-232
-231
-229
-205
-178
-151
-150
-150
-66
-11
0
-1
3
15
15
16
15
16
16
18
18
19
20
27
28
52
85
119
128
129
132
131
133
128
128
123
119
118
110
108
97
92
93
91
91
108
109
113
114
114
121
124
130
131
132
136
136
136
136
136
136
138
138
142
144
158
163
163
165
172
180
181
174
174
185
184
185
181
181
175
164
161
136
128
113
77
66
36
28
27
27
34
66
93
118
120
116
116
106
39
20
18
14
9
-12
-21
-33
-56
-77
-110
-120
-127
-150
-159
-169
-174
-174
-175
-175
-176
-175
-175
-175
-176
-177
-178
-180
-175
-171
-165
-158
-102
-35
-12
15
15
17
19
27
60
80
118
127
128
127
129
136
140
142
164
174
184
187
192
192
195
206
206
201
201
201
206
206
206
199
199
196
174
144
130
131
130
130
126
124
120
119
119
117
116
114
112
110
116
119
121
127
128
130
131
136
143
157
164
171
181
193
192
186
186
186
183
182
182
182
188
181
176
173
172
173
173
168
161
155
154
154
154
154
154
142
141
138
139
139
127
126
123
92
72
61
34
28
18
17
16
15
14
13
13
4
0
-8
-18
-30
-57
-68
-67
-62
-62
-68
-68
-60
-88
-103
-123
-124
-124
-124
-124
-125
-115
-85
-66
-24
-8
-8
-7
-9
-14
-26
-42
-62
-63
-62
-64
-63
-56
-53
-53
-51
-54
-52
-58
-69
-119
-139
-174
-193
-202
-233
-236
-236
-236
-238
-229
-225
-230
-236
-237
-235
-236
-236
-237
-236
-231
-214
-193
-185
-174
-165
-156
-119
-111
-107
-94
-63
-42
-34
-12
0
12
12
14
12
14
14
14
16
16
16
16
16
16
17
18
18
20
28
64
74
113
118
120
127
121
114
110
106
103
107
108
108
108
105
101
72
68
62
45
44
39
31
25
26
22
20
21
20
20
19
19
18
20
18
18
20
19
20
19
18
17
19
19
19
18
17
23
30
38
55
60
60
55
56
54
44
35
33
33
32
28
26
18
18
18
19
18
17
17
18
20
19
17
17
18
15
16
14
15
13
18
20
18
18
17
20
19
20
19
18
18
20
19
19
20
19
19
21
20
20
20
20
20
21
21
20
20
20
20
20
20
24
31
24
22
22
22
24
19
19
19
18
18
18
18
18
18
18
18
18
18
18
18
18
16
16
16
16
19
19
18
20
18
20
17
18
19
19
19
20
22
26
26
31
29
28
21
20
19
19
19
19
19
18
19
19
23
26
26
34
39
62
65
64
59
60
53
44
43
48
52
71
73
73
73
74
106
115
131
130
132
120
97
35
35
35
34
29
18
19
18
18
18
18
17
17
17
18
17
17
17
18
16
18
16
18
17
17
17
18
17
18
17
18
17
18
17
17
14
15
14
19
19
19
20
24
30
33
51
63
56
44
32
18
18
17
17
18
15
14
14
14
18
20
20
30
51
137
163
196
243
260
311
321
332
348
351
371
381
386
395
400
406
412
417
422
425
428
429
428
428
428
428
420
414
392
368
311
278
258
210
196
136
95
18
18
18
17
17
16
16
16
16
15
16
17
17
16
16
15
15
16
16
14
15
20
19
20
18
20
19
20
20
20
21
21
20
20
19
20
21
20
20
19
20
20
20
21
20
20
22
20
22
14
14
15
14
19
18
18
18
19
19
19
20
22
36
50
52
65
64
55
47
38
32
34
34
44
57
77
85
101
101
96
82
66
60
58
43
36
29
22
19
19
19
18
18
17
16
18
16
18
17
17
17
15
15
17
17
16
16
16
16
16
16
17
16
16
16
20
20
20
20
20
20
20
21
20
20
20
20
20
28
58
80
118
126
127
124
128
138
138
138
161
174
209
213
218
221
226
239
240
239
241
241
241
243
248
253
253
262
268
268
268
269
272
272
272
272
273
266
265
262
260
262
260
261
260
261
258
247
242
232
229
229
225
222
220
219
217
210
211
208
205
199
186
173
161
162
157
132
128
110
87
66
34
18
19
18
18
15
15
15
15
16
15
15
13
16
15
14
14
14
14
14
15
13
15
15
19
27
33
114
128
143
165
194
205
212
226
234
234
234
236
236
236
231
229
224
226
222
221
215
210
206
206
195
190
183
172
166
162
147
150
138
144
140
136
137
136
135
134
129
128
124
126
123
125
121
121
120
116
112
108
105
94
77
66
57
36
26
17
19
18
17
17
18
18
19
18
19
18
21
18
17
19
18
19
20
17
18
18
18
18
18
20
18
23
24
24
30
50
58
69
71
80
87
104
106
108
105
101
108
114
119
115
106
104
111
107
105
103
102
91
88
87
87
87
86
88
103
106
118
122
134
143
158
175
210
219
224
231
240
262
266
274
285
290
290
288
291
290
292
292
292
295
298
299
303
308
320
319
318
322
327
331
324
338
339
344
346
345
354
355
365
368
376
392
395
399
399
393
390
377
375
370
361
355
343
339
333
331
329
333
333
334
332
329
328
328
327
329
329
327
324
326
320
294
273
238
210
191
164
160
146
142
136
127
126
125
126
125
126
125
122
119
112
99
87
41
24
18
17
18
15
16
14
15
15
14
14
14
15
14
13
14
13
13
8
4
3
2
-1
1
4
5
6
7
8
9
9
15
14
16
16
15
15
16
16
16
16
16
16
18
17
18
17
17
19
18
16
18
20
17
16
19
19
20
21
20
20
21
20
21
20
20
22
20
20
19
20
21
21
20
20
20
20
20
19
20
21
20
20
20
19
21
21
20
21
19
21
21
21
20
21
20
20
20
20
21
20
20
21
23
20
22
21
14
16
15
15
14
15
14
15
18
20
19
20
23
34
40
70
155
184
201
208
208
211
210
205
204
204
209
200
200
208
208
202
199
206
200
209
211
213
214
219
218
218
219
216
209
216
216
211
212
210
204
201
210
211
205
203
192
190
171
156
130
110
87
44
40
27
22
24
23
21
22
21
22
22
22
21
20
21
20
20
20
22
20
20
19
20
19
20
21
20
20
21
20
19
21
20
20
20
20
21
20
22
20
21
20
22
21
21
21
20
20
20
20
19
21
19
21
21
19
21
19
19
20
18
18
20
19
20
20
20
19
19
20
19
18
19
18
19
20
19
18
20
20
20
17
20
23
19
20
20
18
19
18
19
19
20
20
18
16
17
19
20
17
17
17
17
16
18
17
17
16
17
14
16
16
15
15
18
15
15
17
18
14
16
17
14
16
16
16
17
16
14
17
15
16
16
17
17
16
15
16
16
16
15
16
15
20
20
20
21
20
21
21
19
20
20
18
20
20
22
20
20
20
19
20
20
20
20
20
21
21
20
20
19
21
20
20
19
20
20
21
20
19
20
20
20
21
20
19
21
22
23
22
24
22
21
22
22
21
22
22
22
25
22
22
22
23
22
22
25
22
23
22
23
22
22
22
23
22
22
22
23
21
24
20
16
18
16
15
16
15
19
21
20
20
20
20
19
19
21
21
21
20
20
20
21
21
19
21
20
20
20
20
22
20
20
20
20
18
23
20
20
20
20
20
19
20
19
21
21
20
21
20
24
17
15
16
17
16
16
16
16
16
16
19
18
13
13
16
19
16
14
9
3
3
3
3
22
48
17
21
21
21
20
22
20
20
20
19
20
20
20
20
20
19
20
20
21
20
21
20
20
16
17
17
17
16
17
16
17
16
16
17
16
24
26
31
33
36
39
38
38
40
39
39
40
72
106
118
135
140
148
154
177
192
193
217
216
226
232
236
242
244
242
246
245
243
246
246
244
245
229
220
174
154
140
126
104
52
44
40
40
38
41
37
28
20
20
21
20
21
21
21
20
20
20
21
20
20
20
20
20
20
21
20
21
21
20
20
20
20
20
21
20
19
29
34
40
71
98
124
135
141
154
168
182
185
186
180
179
179
179
179
188
189
201
203
206
206
205
204
203
196
191
190
167
154
136
128
103
66
44
36
28
27
21
21
21
20
20
20
18
20
19
19
19
18
20
20
23
18
13
22
16
14
15
22
19
21
21
14
18
21
26
62
110
125
136
137
174
189
198
200
196
203
195
196
189
179
175
170
172
170
168
168
168
171
174
176
176
178
174
183
182
158
154
144
132
121
81
63
44
38
33
30
19
20
23
22
21
19
23
21
20
18
21
20
20
29
39
55
126
132
156
204
216
217
222
226
238
239
249
250
251
250
250
258
264
266
269
269
267
267
254
249
247
233
226
188
146
130
108
73
28
19
21
16
20
18
18
17
17
13
16
16
15
14
11
15
28
13
12
13
13
11
14
18
16
16
17
16
16
16
17
16
16
16
17
16
19
17
18
16
18
18
19
18
20
19
19
19
19
20
19
20
19
20
18
19
19
19
19
19
18
20
18
20
19
20
19
20
19
19
20
20
21
20
20
20
20
20
20
20
21
20
20
20
20
20
20
19
20
20
21
20
20
20
20
20
20
20
20
20
20
21
21
20
19
21
20
20
20
19
20
20
22
22
22
22
22
22
22
22
21
39
47
66
118
129
135
135
136
135
135
135
114
101
73
50
23
21
19
20
21
20
19
20
19
19
24
32
39
118
132
141
163
173
194
195
197
202
200
207
211
221
229
253
264
266
267
268
272
276
283
292
296
296
296
296
298
298
300
299
296
290
290
286
284
285
283
283
282
283
283
270
254
247
246
243
231
222
184
149
132
104
63
41
32
18
19
18
19
18
18
16
15
15
21
22
23
21
23
23
15
16
14
16
14
16
15
20
22
23
22
23
22
23
23
22
21
27
40
53
100
108
118
138
137
140
152
200
204
206
210
195
153
135
112
80
97
137
165
183
196
207
208
196
195
192
179
75
43
41
56
46
74
117
133
136
139
139
140
134
102
21
17
18
16
18
17
16
18
16
18
19
19
20
20
21
20
20
20
20
20
19
20
20
20
25
30
33
36
55
54
58
51
40
18
20
19
18
17
17
16
16
17
16
15
16
17
16
17
16
17
14
13
11
6
-9
-120
-141
-164
-218
-252
-293
-304
-317
-334
-337
-338
-341
-346
-361
-367
-376
-376
-377
-378
-379
-378
-378
-373
-368
-361
-334
-316
-281
-155
-107
15
17
19
18
18
19
14
14
14
14
14
14
14
12
0
-46
-97
-152
-178
-204
-273
-308
-361
-374
-386
-397
-398
-397
-390
-378
-356
-341
-291
-260
-226
-166
-138
-94
-60
-35
7
13
14
14
16
14
14
15
15
16
15
16
15
16
18
18
19
36
109
152
194
210
223
227
240
243
248
262
264
263
264
265
264
263
264
265
265
260
256
256
261
261
246
223
195
182
136
104
66
18
17
14
14
7
-16
-27
-98
-123
-139
-161
-172
-192
-202
-214
-228
-241
-262
-265
-267
-266
-266
-266
-267
-266
-266
-261
-253
-248
-235
-175
-139
-19
14
16
16
17
17
18
17
18
18
18
17
18
17
17
17
16
12
12
12
12
12
13
9
10
3
-4
-29
-53
-87
-125
-133
-155
-169
-182
-200
-212
-243
-256
-267
-270
-270
-271
-271
-271
-261
-256
-249
-231
-190
-184
-178
-155
-139
-124
-120
-117
-86
-70
-53
-36
-19
-6
2
5
5
5
11
12
13
13
14
15
16
14
15
15
15
16
15
15
16
17
17
12
12
14
7
4
-15
-32
-86
-103
-117
-138
-147
-158
-160
-162
-179
-192
-198
-198
-199
-199
-199
-193
-188
-182
-163
-160
-145
-129
-119
-115
-112
-90
-73
-68
-65
-67
-57
-57
-55
-57
-56
-44
-28
-21
-21
-20
-26
-18
-19
-13
0
12
16
27
37
53
120
142
209
218
227
269
281
291
306
318
331
333
346
350
358
362
362
365
365
364
365
364
354
345
337
307
292
261
250
242
226
215
165
142
110
99
66
29
33
37
36
30
29
27
26
24
24
18
19
19
18
28
62
92
130
144
170
207
230
258
267
274
297
301
314
313
315
315
327
336
337
340
353
355
358
358
360
351
338
313
289
275
258
246
238
236
229
227
224
219
217
216
208
205
194
190
186
183
178
155
129
70
38
33
33
34
34
34
33
33
33
32
37
39
43
47
46
47
49
54
58
42
37
36
37
36
34
38
34
37
36
39
36
38
36
34
34
33
24
25
29
21
17
16
18
15
16
15
15
15
15
14
17
16
14
12
6
-13
-70
-94
-130
-138
-167
-195
-199
-201
-202
-203
-201
-204
-206
-201
-196
-196
-176
-177
-181
-164
-144
-140
-127
-118
-110
-109
-107
-93
-81
-69
-52
-39
-2
14
14
14
18
19
17
30
34
51
58
58
64
64
70
63
65
65
70
86
116
126
128
128
129
129
129
128
129
129
131
138
148
157
161
194
203
208
211
218
222
222
239
244
246
256
263
269
270
269
270
268
269
265
262
260
261
265
266
265
266
266
247
231
211
211
209
204
186
172
166
160
135
128
125
125
124
124
127
128
128
129
124
124
127
131
132
136
136
159
189
201
216
221
242
244
243
248
254
254
255
254
254
254
248
245
243
245
244
239
239
239
239
240
226
199
134
105
72
21
19
14
13
12
-3
-15
-62
-83
-92
-103
-106
-109
-112
-115
-121
-123
-124
-124
-140
-145
-148
-149
-150
-156
-159
-161
-165
-166
-161
-151
-136
-128
-123
-90
-80
-70
-22
-11
-6
-5
-2
12
14
14
12
14
14
15
16
14
16
14
16
16
16
15
16
15
16
16
18
17
17
17
17
17
17
17
18
18
17
18
17
16
17
18
17
17
16
17
17
13
14
13
14
13
14
13
14
13
14
13
13
12
13
13
12
14
13
14
12
14
12
14
14
13
12
14
14
13
14
12
14
13
14
13
13
13
14
14
13
14
13
13
18
18
17
18
16
18
18
18
16
18
18
18
19
18
19
18
18
33
74
124
191
212
217
239
245
248
248
251
250
250
234
226
222
207
189
124
83
60
23
21
20
21
21
21
21
21
20
20
18
17
12
8
1
-13
-26
-67
-85
-91
-119
-133
-147
-148
-147
-148
-150
-150
-148
-150
-145
-145
-142
-140
-140
-139
-140
-136
-134
-132
-133
-132
-127
-120
-109
-106
-105
-98
-92
-88
-85
-75
-66
-55
-24
-17
-8
15
14
18
18
19
18
18
18
19
20
20
20
21
22
24
24
24
35
41
74
118
140
154
173
218
222
226
227
229
230
229
229
222
222
220
218
218
214
212
200
186
169
144
138
132
124
104
70
54
20
18
18
16
16
17
17
17
16
16
16
17
15
17
17
17
17
15
15
16
16
16
16
16
17
16
16
16
16
16
16
16
14
16
16
17
16
15
17
16
16
16
17
15
17
16
17
15
15
15
15
13
14
14
13
13
13
14
13
13
13
19
18
18
18
17
19
18
18
17
17
19
19
18
19
18
18
18
18
18
18
18
18
18
18
18
18
18
18
19
20
18
19
18
17
18
20
18
18
18
18
18
17
18
19
18
19
18
18
19
18
18
18
19
18
19
18
19
18
19
19
19
18
18
18
18
18
18
18
18
18
18
18
18
18
18
18
18
18
18
18
18
18
17
18
18
18
18
18
18
18
18
18
18
19
19
19
18
19
18
18
19
18
18
18
19
18
17
18
18
18
19
18
21
22
20
20
20
21
20
23
22
22
22
22
41
56
74
154
179
202
209
212
217
217
212
209
213
216
216
203
190
147
74
42
37
20
19
18
18
18
18
17
18
17
17
17
17
17
16
18
16
17
17
17
17
17
17
17
18
17
18
17
17
17
18
17
18
17
17
17
17
17
17
18
18
18
17
18
17
18
17
18
17
17
17
17
17
16
17
17
18
17
18
18
18
17
17
17
17
17
17
17
17
17
16
17
17
17
16
18
17
18
17
18
18
16
17
17
17
16
17
17
17
17
17
16
17
18
17
18
17
17
17
18
17
18
17
17
18
17
17
17
18
17
17
17
18
17
18
16
18
16
17
18
18
17
17
18
17
16
17
18
17
18
16
18
18
22
22
22
22
27
121
140
160
190
212
224
233
246
261
265
269
285
292
298
305
312
315
316
320
323
319
319
326
328
328
328
323
323
321
321
321
321
320
318
318
303
284
246
233
222
188
175
147
134
101
32
26
22
22
22
22
20
20
21
20
20
21
20
20
20
21
20
20
25
25
26
27
27
27
28
29
31
30
29
31
36
37
40
44
66
80
112
132
144
175
186
192
194
198
198
199
200
196
199
206
207
206
206
207
207
215
218
220
220
223
225
226
226
226
226
226
226
226
226
221
221
221
221
221
221
221
221
221
221
226
227
212
212
210
184
165
139
133
130
116
108
83
72
69
62
52
44
42
40
38
36
33
29
25
21
20
20
20
20
19
20
14
16
15
16
16
15
16
15
15
15
16
15
15
14
15
14
15
15
15
16
15
15
15
16
16
16
15
15
15
16
15
15
14
15
15
15
15
15
15
19
19
19
19
19
19
19
20
19
19
19
19
19
20
19
20
18
19
19
19
19
19
20
19
19
19
20
19
19
19
20
18
19
19
19
19
19
20
19
20
19
20
18
19
19
19
19
19
19
19
19
19
19
19
19
19
20
19
20
19
19
19
19
19
19
19
19
19
18
19
18
19
18
19
20
19
18
19
19
19
19
20
18
18
19
20
19
20
19
19
19
18
20
18
19
18
20
19
19
19
19
20
19
20
19
20
20
19
19
20
19
19
19
19
19
18
19
18
20
19
19
20
19
19
19
20
18
20
19
19
19
19
20
19
20
19
18
19
20
18
17
19
20
18
20
20
23
18
19
20
18
19
18
16
13
13
10
8
6
8
9
6
6
2
-1
1
5
4
8
12
13
9
10
7
11
8
8
8
9
5
2
-15
-22
-41
-9
-60
-84
-84
-84
-156
-135
-135
-135
-156
-160
-160
-155
-157
-172
-165
-169
-179
-185
-188
-187
-191
-190
-190
-191
-192
-192
-200
-205
-215
-216
-220
-230
-238
-258
-260
-262
-262
-262
-258
-255
-250
-246
-208
-168
-164
-125
-13
17
16
16
16
17
16
18
17
19
19
19
19
18
19
19
19
20
20
18
16
15
5
-6
-57
-81
-93
-96
-104
-111
-111
-110
-109
-112
-105
-104
-104
-105
-104
-113
-122
-132
-138
-149
-168
-175
-192
-199
-220
-240
-244
-244
-248
-248
-252
-251
-251
-250
-250
-251
-250
-246
-244
-244
-242
-244
-242
-243
-241
-239
-236
-235
-234
-232
-228
-226
-222
-219
-202
-198
-193
-179
-174
-172
-169
-163
-128
-103
-48
-23
-16
-7
0
4
5
5
10
11
12
12
12
13
12
11
12
12
12
12
6
6
5
6
5
6
5
5
5
5
5
4
9
8
10
12
14
16
16
16
11
9
6
6
6
5
2
3
-1
-3
-6
-7
-8
-8
-8
-9
-9
-9
-8
-9
-4
-5
-4
-5
-5
-5
-10
-14
-16
-23
-33
-50
-100
-110
-116
-118
-120
-120
-121
-123
-129
-134
-137
-140
-144
-146
-148
-150
-149
-149
-150
-151
-154
-155
-155
-156
-157
-160
-161
-158
-160
-160
-160
-156
-153
-152
-152
-149
-150
-150
-150
-149
-150
-149
-150
-146
-140
-134
-128
-112
-102
-94
-80
-76
-70
-67
-45
-42
-36
-22
-17
-15
-13
-12
-7
-6
-1
-2
0
-1
1
1
2
3
3
4
6
8
6
8
6
8
9
13
12
13
13
16
13
13
14
13
13
13
13
13
14
13
14
13
13
13
13
13
15
15
14
14
14
14
14
14
15
15
14
13
14
15
14
13
14
14
14
14
14
15
15
14
10
10
9
9
9
10
9
9
9
9
7
8
5
3
3
0
-2
-4
-4
-3
-6
-7
-11
-19
-34
-47
-49
-56
-72
-86
-107
-113
-124
-133
-139
-144
-143
-145
-145
-146
-145
-145
-145
-146
-132
-128
-125
-124
-122
-122
-122
-121
-122
-122
-122
-119
-116
-111
-109
-97
-95
-95
-93
-88
-71
-58
-51
-40
-28
-21
-18
-14
-11
-9
-6
-5
-4
2
4
4
4
7
12
16
19
20
24
42
74
131
146
222
214
214
214
214
294
297
302
315
321
325
330
331
331
332
333
330
318
318
322
327
328
331
330
334
333
334
333
336
334
335
334
336
335
336
339
340
338
339
338
338
339
337
330
331
331
331
330
331
331
320
300
243
220
180
109
75
18
16
16
16
16
16
16
16
16
17
16
16
16
16
15
22
23
23
23
18
18
18
18
18
18
16
15
12
5
-5
-59
-98
-126
-131
-138
-144
-146
-150
-152
-150
-152
-150
-146
-144
-144
-145
-144
-144
-144
-142
-141
-139
-139
-140
-139
-140
-139
-140
-138
-139
-138
-135
-137
-135
-134
-132
-130
-131
-132
-128
-125
-123
-117
-112
-105
-97
-93
-73
-50
-19
-12
-3
13
12
16
18
19
22
22
22
22
22
14
14
13
13
14
13
14
13
14
12
13
13
12
10
12
11
8
0
-4
-17
-28
-32
-38
-41
-44
-48
-55
-58
-59
-70
-81
-83
-87
-88
-90
-90
-90
-98
-97
-98
-96
-96
-97
-94
-93
-93
-94
-92
-93
-88
-73
-63
-45
-32
-10
-4
14
12
15
17
27
71
113
127
157
176
195
205
211
220
222
223
224
225
223
224
225
225
227
233
232
233
233
234
234
234
234
238
229
222
214
184
164
143
130
122
86
70
65
52
42
34
27
20
20
20
20
18
16
16
16
16
15
15
15
14
13
13
13
12
12
5
4
-1
-3
-3
-9
-11
-14
-14
-16
-21
-28
-29
-31
-34
-40
-40
-41
-39
-41
-40
-40
-41
-41
-40
-41
-41
-43
-44
-46
-47
-49
-57
-65
-73
-79
-94
-108
-113
-115
-115
-115
-115
-116
-116
-116
-117
-116
-116
-116
-116
-116
-116
-116
-115
-116
-116
-106
-92
-65
-49
-17
-8
-1
14
14
14
16
16
16
17
18
18
18
18
18
22
25
28
30
32
32
35
41
55
69
123
131
134
139
141
144
148
152
157
158
163
165
170
172
172
172
173
166
167
154
136
126
102
71
41
28
20
20
20
20
20
20
21
20
20
20
21
20
20
20
20
20
20
21
20
21
20
21
20
26
29
30
31
31
32
33
33
33
34
33
34
33
34
33
33
33
33
35
38
60
72
93
114
119
133
136
137
141
147
141
142
142
141
140
141
140
140
145
148
169
179
188
200
203
204
200
199
191
184
168
155
132
124
104
46
32
20
21
20
19
19
18
19
19
19
19
30
31
33
38
37
41
49
55
83
116
133
134
141
160
166
184
191
193
194
188
188
185
184
183
183
182
180
168
168
166
166
166
165
166
165
160
155
142
132
126
121
118
108
106
102
100
97
83
71
61
40
37
19
19
18
19
18
17
16
17
17
18
16
18
17
17
18
17
18
17
17
17
18
16
17
16
18
17
18
17
17
17
17
16
18
16
17
16
18
17
17
17
22
23
22
21
23
22
23
23
23
22
22
23
23
23
23
24
23
23
23
23
23
22
23
24
27
26
30
30
33
37
55
70
124
138
147
162
169
174
172
168
166
164
163
158
154
146
144
138
138
136
137
137
137
137
137
137
136
136
136
136
136
134
134
134
140
140
140
141
141
147
154
161
162
160
164
164
172
175
181
193
194
198
205
204
208
205
202
201
201
199
198
196
195
196
202
201
194
193
193
201
202
203
207
207
210
214
216
218
220
222
222
222
218
218
218
218
217
216
215
214
215
219
220
221
220
221
214
211
196
193
193
192
191
183
180
179
175
174
172
171
171
168
164
160
154
148
142
136
69
36
18
16
16
16
16
17
16
15
9
4
-10
-16
-22
-35
-40
-51
-65
-82
-95
-101
-116
-120
-120
-131
-132
-136
-137
-140
-140
-139
-140
-140
-140
-135
-131
-97
-52
-12
5
16
19
22
23
26
27
36
42
82
106
124
154
166
196
209
216
225
226
233
236
239
246
246
246
242
241
241
241
239
240
238
245
244
239
238
243
242
243
236
231
223
211
192
163
142
108
98
79
42
33
30
29
28
28
28
28
28
34
44
48
69
88
113
130
138
162
165
169
171
170
166
164
163
160
157
154
151
148
143
141
137
135
134
134
130
128
128
126
123
120
117
115
111
110
110
108
107
102
99
82
62
39
18
17
15
14
14
14
14
14
13
13
13
13
13
14
17
17
17
17
17
17
16
17
17
17
17
16
17
17
17
17
18
18
18
18
18
19
18
21
20
21
20
16
16
16
16
17
16
16
15
15
15
15
15
14
15
15
14
14
14
14
15
13
14
14
14
14
14
14
14
14
14
13
13
13
13
13
14
12
13
17
18
17
17
17
18
17
17
17
17
9
6
2
-13
-13
-26
-52
-81
-97
-113
-119
-122
-123
-130
-133
-142
-146
-150
-150
-152
-159
-160
-159
-160
-155
-150
-138
-119
-104
-90
-53
-47
-18
-12
-6
12
12
14
15
15
17
17
17
18
17
17
17
18
17
17
17
17
17
18
17
18
17
18
17
18
18
13
14
13
14
13
13
13
12
13
12
18
22
22
31
33
38
46
70
113
117
130
138
139
141
144
143
144
143
138
138
138
146
150
175
186
196
199
206
207
207
210
210
203
203
203
217
215
216
219
226
237
237
243
259
259
259
260
262
263
262
264
258
247
234
228
214
203
192
169
148
139
131
128
126
119
113
103
68
26
23
19
18
20
18
19
18
18
18
18
19
19
18
16
17
17
27
29
31
34
33
35
37
37
37
38
38
39
38
39
40
56
63
80
85
83
85
85
81
80
79
71
69
66
65
60
59
58
57
58
57
58
57
58
57
50
37
33
28
25
21
20
21
18
16
16
16
16
16
16
21
22
22
23
22
22
22
20
22
22
23
22
23
25
24
25
26
26
26
27
26
22
21
20
20
20
18
19
18
19
18
18
18
19
19
19
18
18
19
18
19
19
19
18
18
18
18
24
24
24
24
17
17
17
16
17
17
16
15
16
15
13
4
4
3
-4
-8
-12
-14
-43
-58
-65
-83
-87
-94
-95
-101
-116
-124
-133
-134
-136
-144
-144
-144
-144
-145
-146
-149
-158
-160
-159
-160
-155
-149
-146
-141
-132
-124
-118
-112
-93
-87
-75
-55
-45
-32
-25
-22
-19
-17
-13
-10
-8
-2
0
4
12
13
14
13
14
14
14
15
14
15
14
15
14
15
14
15
15
14
15
14
15
14
14
14
15
16
14
14
10
7
6
5
4
4
11
12
6
6
6
3
0
-3
-2
-3
7
12
15
14
15
14
15
10
8
7
6
5
0
-3
-18
-123
-140
-149
-148
-147
-148
-148
-154
-160
-171
-172
-173
-172
-172
-178
-178
-182
-200
-202
-200
-196
-193
-176
-165
-146
-142
-136
-125
-117
-60
-30
-12
0
-1
3
4
3
4
3
3
4
4
3
4
5
6
5
15
16
18
18
19
19
18
18
18
19
20
20
20
20
27
30
32
34
33
34
33
33
30
27
21
20
19
20
15
19
20
23
22
23
22
23
22
14
13
13
13
12
13
12
11
8
7
7
6
5
6
11
14
15
18
18
18
23
24
23
22
23
24
24
23
24
24
23
23
24
16
16
15
15
20
19
19
19
20
23
22
25
30
34
33
34
33
24
20
20
20
20
20
30
30
37
70
114
162
200
209
222
226
230
236
240
247
252
261
268
284
327
335
345
350
354
357
358
357
358
351
344
339
318
307
294
264
239
218
209
208
204
204
215
218
221
223
226
227
231
226
226
230
231
226
226
226
226
226
226
221
222
217
203
184
129
118
87
16
18
11
0
-13
-24
-18
-11
-8
-3
14
14
16
15
18
19
19
18
19
19
18
19
19
22
25
24
24
24
24
19
18
18
17
7
-3
-4
-4
-4
-12
-52
-62
-87
-127
-142
-173
-184
-189
-189
-190
-195
-203
-206
-211
-222
-216
-200
-179
-174
-170
-152
-141
-138
-138
-137
-137
-138
-133
-132
-133
-130
-130
-130
-138
-140
-153
-158
-158
-158
-158
-151
-150
-147
-144
-138
-100
-22
9
12
15
15
15
18
20
18
19
19
20
18
19
19
19
19
19
18
19
20
19
20
20
21
23
26
29
130
163
193
220
222
226
226
227
226
228
228
223
223
216
216
219
222
224
218
219
218
214
213
212
210
207
206
203
201
199
199
194
150
132
70
15
13
12
5
-5
-40
-75
-107
-118
-132
-166
-173
-178
-185
-190
-192
-193
-196
-212
-218
-218
-220
-221
-221
-222
-225
-230
-229
-226
-220
-192
-182
-180
-179
-174
-160
-149
-126
-120
-116
-114
-119
-141
-144
-145
-145
-144
-145
-146
-138
-134
-124
-110
-100
-71
-50
-40
-33
-33
-30
-34
-48
-134
-164
-200
-222
-241
-257
-264
-286
-285
-285
-274
-274
-290
-294
-295
-296
-295
-306
-313
-312
-303
-301
-286
-266
-201
-178
-163
-157
-156
-151
-148
-148
-148
-148
-146
-145
-142
-137
-132
-116
-105
-88
-56
-37
-8
6
12
13
14
15
16
16
16
16
16
16
16
16
16
17
17
13
13
13
13
13
13
14
13
14
13
12
11
11
10
11
10
11
11
11
11
8
8
8
8
7
7
8
7
12
12
12
13
14
14
15
14
16
17
17
17
-4
-34
-55
-54
-54
-99
-117
-136
-149
-159
-170
-170
-170
-172
-172
-166
-164
-161
-161
-160
-156
-156
-161
-161
-161
-162
-166
-166
-166
-166
-158
-151
-146
-144
-143
-142
-139
-131
-130
-126
-126
-125
-126
-124
-118
-116
-114
-112
-112
-112
-110
-106
-104
-99
-94
-95
-95
-90
-89
-114
-114
-116
-108
-105
-114
-115
-114
-115
-115
-115
-116
-116
-115
-116
-116
-116
-116
-116
-117
-112
-120
-121
-113
-108
-108
-115
-120
-121
-121
-108
-96
-52
-16
4
13
15
21
22
15
15
14
15
14
15
15
15
14
15
14
16
15
16
15
14
15
14
16
15
15
16
15
16
15
16
15
15
15
15
15
15
16
15
16
15
16
15
16
15
16
19
18
19
19
19
18
20
18
19
18
19
19
19
19
19
19
18
19
18
19
19
19
19
19
19
19
19
19
20
19
20
19
20
19
20
19
20
19
19
15
15
15
15
16
14
16
15
15
15
15
15
15
15
15
15
14
15
14
15
14
15
14
16
15
15
15
15
15
15
15
14
15
15
16
15
15
15
15
15
15
16
15
15
15
15
15
16
15
16
15
15
15
14
15
15
15
15
16
15
15
15
15
15
15
15
14
15
14
15
14
15
14
15
14
15
14
15
15
15
15
15
16
14
15
14
15
14
15
14
15
14
15
15
15
15
15
16
15
16
15
15
15
14
15
14
15
14
15
14
15
14
15
14
15
15
15
15
15
15
