22
22
22
22
22
22
22
22
22
22
22
22
22
22
22
22
22
23
22
23
23
23
22
23
22
23
22
22
22
23
22
23
22
22
22
22
22
22
22
22
22
22
22
22
22
22
22
22
22
22
22
22
22
22
22
22
22
22
22
22
22
22
22
22
22
22
23
22
22
23
23
23
23
23
22
23
22
22
22
22
22
22
22
22
22
22
22
22
22
22
22
22
22
22
22
22
22
22
22
22
22
22
22
22
22
22
22
22
22
22
22
22
22
22
23
22
23
22
23
22
23
22
23
22
22
22
22
22
22
22
22
22
22
22
22
22
22
22
22
22
22
22
22
22
22
22
22
22
22
22
22
22
22
22
22
22
22
22
23
23
23
23
23
23
23
22
23
22
23
22
23
22
23
22
23
22
22
22
22
22
22
22
22
22
22
22
22
22
22
22
22
22
22
22
22
22
22
22
22
22
22
23
22
23
22
22
22
23
22
22
22
23
23
23
23
23
22
22
22
22
22
22
22
22
22
22
22
22
22
22
22
22
22
22
22
22
22
22
22
22
22
22
22
22
22
22
22
22
22
22
22
23
23
23
22
23
22
23
22
23
22
22
22
22
23
23
23
23
22
22
22
22
22
22
22
22
22
22
22
22
22
22
22
22
22
22
22
22
22
22
22
22
22
22
22
22
23
22
22
22
23
22
22
23
22
22
22
23
22
23
22
23
22
22
22
22
22
22
22
22
22
22
22
22
22
22
22
22
22
22
22
22
22
22
22
22
22
22
22
22
22
22
22
22
22
22
22
22
23
22
22
22
23
23
23
23
23
22
22
23
22
23
22
22
22
22
22
22
22
22
22
22
22
22
22
22
22
22
22
22
22
22
22
22
22
22
22
22
22
22
22
22
22
23
23
22
23
22
23
22
23
22
23
22
22
22
23
22
22
22
22
22
22
22
22
22
22
22
22
22
22
22
22
22
22
22
22
22
22
22
22
22
22
22
22
22
22
22
22
22
22
22
23
22
23
23
23
22
23
22
23
22
23
22
22
22
22
22
22
22
22
22
22
22
22
23
22
22
22
22
22
22
22
22
22
22
22
22
22
22
22
22
22
22
22
22
22
22
22
23
22
23
22
23
23
23
23
23
23
23
23
22
23
22
23
22
23
22
23
22
22
22
22
22
22
22
22
22
22
22
22
22
22
22
22
22
22
22
22
22
22
22
22
22
22
22
22
22
22
22
22
22
22
22
22
22
22
22
22
22
22
22
22
22
22
22
23
22
23
22
22
22
22
22
22
22
22
22
22
22
22
22
22
22
22
22
22
22
22
22
22
23
22
23
22
22
22
22
22
22
22
22
22
22
22
22
22
22
22
22
22
22
22
22
22
22
22
23
22
23
22
22
22
23
22
23
22
22
22
23
23
22
23
23
23
22
22
22
22
22
23
22
23
22
22
22
23
23
23
22
23
23
22
22
22
23
22
22
22
22
22
22
22
22
22
22
23
23
22
22
22
22
22
22
22
22
22
22
22
22
22
22
22
22
22
22
22
22
22
22
22
22
22
22
22
22
22
22
22
23
22
22
22
23
22
23
22
23
22
22
23
22
22
22
22
22
22
22
22
22
22
22
22
23
22
23
23
23
23
23
23
22
23
22
23
22
22
22
22
23
23
22
22
22
22
22
22
22
22
22
22
23
23
23
22
22
22
22
23
22
22
22
22
23
22
22
22
22
22
22
22
22
22
22
22
22
22
22
23
22
22
22
22
22
22
22
22
22
22
23
22
22
22
23
22
22
22
22
23
22
22
22
22
23
22
22
22
22
22
22
22
22
22
22
22
22
22
22
22
22
22
22
22
22
22
22
22
22
22
22
23
22
22
22
22
22
22
23
23
22
22
21
22
22
22
22
22
22
23
22
22
22
22
22
22
22
23
22
22
22
22
23
22
22
22
22
22
22
22
21
22
22
22
22
22
22
22
22
23
22
22
22
22
22
22
23
22
23
22
22
22
23
22
23
23
22
22
22
22
22
22
22
22
22
22
22
22
22
22
22
22
22
22
22
22
22
22
22
22
22
22
22
22
22
22
22
22
22
22
22
22
22
22
22
22
22
22
22
22
23
22
23
22
23
22
23
23
23
22
22
23
22
22
22
23
22
22
22
22
22
22
22
22
22
22
22
22
22
22
22
22
22
22
22
22
22
23
22
23
22
23
22
22
23
23
23
23
23
22
23
22
23
22
23
22
23
22
22
23
23
22
23
22
22
22
22
23
22
23
22
22
22
22
22
22
22
22
22
22
22
22
22
22
22
22
22
22
22
22
22
22
22
23
22
23
22
23
23
23
22
22
22
22
23
22
22
22
22
22
22
22
22
22
22
22
22
22
22
22
22
22
22
22
22
22
23
22
22
22
22
22
22
22
22
22
22
23
22
23
22
23
22
23
22
23
22
23
23
23
23
23
23
22
23
22
22
22
23
22
23
22
22
22
22
22
16
23
22
25
31
40
58
85
76
25
20
19
18
19
19
19
19
19
20
18
17
18
40
65
80
107
109
99
88
50
18
18
18
18
18
18
18
19
18
19
18
19
18
19
18
19
19
19
19
19
19
18
19
18
18
18
19
18
19
18
18
18
18
18
18
18
18
18
18
18
18
16
12
10
6
4
1
-2
-4
-8
-9
-14
-17
-18
-23
-54
-74
-81
-83
-84
-86
-86
-87
-87
-68
-61
-43
-29
-15
-13
-11
-12
-12
-12
-12
-12
12
35
-4
-30
-36
-23
-12
-11
-10
-9
-8
-9
-8
-9
-9
-7
-4
5
10
11
-13
-13
-12
-13
-13
-13
-13
-13
-13
-12
-13
-12
-13
-12
-13
-12
-13
-12
-13
-14
-13
-13
-13
-14
-13
-13
-13
-13
-13
-10
-7
-4
-1
2
5
8
9
14
15
19
19
18
19
26
12
12
12
21
22
29
30
33
34
35
18
19
19
18
19
18
19
19
19
19
-8
-15
-18
-8
2
1
2
1
2
1
11
14
18
21
22
22
24
30
30
30
30
30
37
42
49
72
71
70
68
67
65
64
64
54
53
50
50
50
50
50
61
64
67
69
73
83
85
91
95
101
107
107
94
91
101
102
104
108
110
114
116
113
110
110
106
103
98
93
92
91
90
88
82
82
82
82
87
89
91
97
99
100
103
103
103
102
105
118
118
121
112
109
106
105
100
98
94
92
91
87
84
80
78
76
72
70
67
-11
-12
-11
-11
-12
-11
-12
-12
-12
-12
12
42
38
30
26
26
32
40
42
43
42
44
46
47
48
57
50
6
-10
-11
-11
-12
-11
-11
-12
-12
-12
-12
-12
-12
-12
-12
-12
-12
20
34
63
71
77
78
78
44
23
8
-11
-11
-12
-12
-12
-12
-13
-14
-14
-14
-8
-6
-7
-6
-7
-8
-6
-6
-7
-6
-7
-6
-4
2
6
12
18
24
28
29
30
29
29
29
20
19
19
19
18
19
20
19
25
25
24
25
25
19
17
17
17
18
13
-11
-11
-10
-12
-11
-12
-12
-12
-11
-12
-4
5
6
7
8
10
15
19
21
21
22
21
21
21
22
20
16
13
13
13
12
12
10
10
10
10
11
10
10
10
10
10
10
11
10
10
10
10
10
10
10
10
10
10
10
10
10
10
10
10
10
10
10
11
10
18
19
19
19
19
19
19
18
19
19
20
18
19
18
19
12
11
11
11
11
11
11
11
12
11
12
11
30
35
37
46
49
50
50
52
54
54
54
54
54
54
54
55
54
54
54
54
65
70
78
96
100
111
119
124
133
133
132
134
133
146
148
155
156
158
161
161
160
162
161
160
160
163
165
171
172
174
174
168
167
168
167
168
168
165
164
163
163
163
161
158
155
154
153
154
155
154
155
153
152
152
152
152
159
158
160
163
171
172
174
173
172
173
174
178
176
178
180
181
182
182
181
182
182
182
182
182
182
182
181
182
182
182
182
181
182
181
182
181
183
182
181
178
177
178
176
176
176
178
177
177
178
176
177
177
177
177
177
176
172
171
171
171
171
177
180
188
189
192
195
198
204
211
224
228
228
232
236
237
238
238
239
231
224
221
216
211
209
199
191
185
165
162
152
148
134
126
119
113
109
101
100
96
96
97
94
94
100
110
111
124
128
129
146
155
164
170
173
175
178
184
185
186
188
187
188
188
187
181
179
172
165
160
151
147
137
132
127
129
127
128
127
126
121
120
118
115
116
113
113
113
112
114
114
113
113
122
128
132
137
142
145
147
146
147
147
148
148
146
147
142
140
137
138
137
137
136
137
136
135
134
133
132
132
127
126
127
126
126
126
126
127
126
125
126
126
125
112
110
107
103
104
105
111
116
116
117
112
111
112
111
110
111
111
121
123
127
152
168
185
196
200
194
185
182
181
180
173
168
155
149
134
133
130
124
122
117
115
114
116
114
115
114
113
113
111
104
104
103
102
104
109
108
112
109
110
114
117
122
130
129
133
134
134
135
136
137
136
137
131
126
119
118
112
112
112
112
112
119
118
119
120
113
111
108
104
103
103
100
100
101
103
101
102
101
97
96
96
95
96
95
105
105
105
105
109
114
122
127
126
104
102
100
87
84
82
83
82
83
82
82
82
82
82
83
83
81
78
70
69
65
63
61
56
56
54
54
54
62
64
65
58
52
48
43
25
12
-3
-7
-9
-12
-11
-12
-14
-14
-16
-16
-16
-16
-16
-16
-10
2
11
16
26
30
39
39
38
39
40
53
54
53
34
20
1
-13
-16
-23
-28
-32
-32
-32
-37
-38
-41
-41
-43
-43
-43
-36
-30
-19
-12
-11
3
10
26
30
36
60
72
92
94
97
102
106
104
108
116
122
121
124
124
125
117
115
111
106
99
77
69
52
51
51
50
46
34
28
6
-5
-9
-14
-13
-13
-13
-12
-14
-14
-18
-22
-28
-30
-31
-38
-39
-40
-41
-39
-41
-43
-46
-57
-60
-68
-76
-85
-90
-96
-113
-116
-116
-117
-119
-122
-122
-122
-123
-126
-125
-126
-114
-101
-90
-59
-49
-41
-41
-36
-30
-28
-22
-21
-19
-13
-11
-6
-7
-6
7
16
33
38
40
51
52
40
23
13
-5
-14
-15
-14
-14
6
17
35
43
48
47
48
38
24
14
8
-4
-14
-17
-20
-24
-25
-27
-30
-32
-31
-32
-32
-32
-35
-34
-35
-36
-34
-36
-34
-34
-28
-27
-28
-27
-29
-40
-42
-42
-46
-45
-45
-37
-28
-27
-25
-11
-8
-5
1
8
11
16
38
36
37
30
24
12
11
6
7
6
4
1
-7
-8
-10
-12
-13
-13
-13
-13
-13
-13
-13
-13
-14
-13
-12
-12
-13
-13
-13
-13
-12
-13
-12
-7
-2
10
16
26
27
20
12
8
0
-8
-11
-13
-22
-28
-28
-30
-36
-36
-39
-40
-32
-30
-26
-11
-9
-2
9
16
33
34
35
34
40
50
52
59
89
96
100
100
101
80
79
78
79
79
78
77
68
66
65
66
60
58
57
57
56
56
56
56
47
47
47
44
42
37
37
35
34
32
26
25
25
26
26
32
33
38
48
49
56
62
67
74
77
92
101
105
105
106
109
111
111
109
118
128
129
130
129
130
123
119
111
108
106
97
96
94
94
95
93
92
91
91
86
83
82
79
79
80
77
71
65
64
63
47
40
30
30
30
30
29
30
31
30
30
31
31
29
24
23
16
2
1
-1
-1
-8
-11
-10
-12
-13
-13
-13
-13
-12
-13
-13
-13
-13
0
-1
-1
10
12
11
6
-4
-11
-11
-12
-10
-4
-3
-5
-4
-11
-13
-14
-18
-30
-37
-43
-44
-46
-57
-67
-84
-86
-94
-101
-105
-113
-118
-118
-120
-122
-126
-126
-126
-119
-118
-113
-105
-98
-68
-46
-8
7
26
47
-19
-12
-10
-8
-8
-17
-98
-124
-172
-194
-217
-265
-271
-272
-273
-272
-262
-262
-251
-238
-217
-178
-178
-130
-125
-134
-186
-219
-263
-270
-274
-268
-247
-183
-143
-106
-38
-13
7
22
40
52
53
38
12
-14
-28
-56
-89
-33
-13
-11
-10
37
69
142
176
203
232
248
265
270
277
280
278
270
280
278
270
253
224
206
182
125
103
77
63
52
44
43
44
44
45
39
32
-1
-11
-14
-25
-31
-42
-41
-42
-44
-36
-27
-28
-35
-34
-35
-43
-45
-45
-48
-50
-55
-64
-76
-76
-81
-96
-108
-136
-137
-139
-144
-150
-166
-165
-167
-174
-176
-181
-185
-187
-188
-187
-180
-165
-131
-110
-93
-42
-22
-10
-8
-7
-7
-7
-5
-5
-4
-6
-4
-5
-5
-4
-5
-4
-5
-4
-5
-4
-5
-5
-5
-5
-6
-5
-5
-5
-5
-5
-5
-6
-6
-6
-5
-5
-5
-5
-5
-6
-5
-5
-5
-4
-5
-6
-5
-6
-6
-5
-5
-5
-5
-5
-6
-5
-5
-5
-5
-6
-5
-3
1
3
9
10
11
11
10
11
11
11
11
-1
-4
-5
-4
-5
-6
-7
-8
-9
-8
-9
-9
-9
-9
-9
-12
-12
-11
-11
-12
-11
-11
-12
-12
-4
4
6
-9
-8
-11
-10
-10
-11
-11
-10
-32
-45
-48
-49
-48
-47
-47
-36
-32
-27
-21
-21
-21
-20
-31
-32
-33
-35
-38
-56
-62
-62
-61
-62
-62
-50
-43
-32
-26
-13
-11
-11
-12
-11
-11
-10
-11
-11
-11
-11
-11
-10
-11
-10
-11
-11
-11
-12
-11
-12
-11
-11
-11
-12
-11
-10
-11
-10
-12
-11
-11
-11
-11
-11
-11
-11
-11
-10
-12
-11
-10
-12
-11
-11
-11
-11
-10
-11
-11
-11
-12
-11
-12
-10
-11
-10
-11
-10
-11
-11
-10
-22
-21
-22
-26
-30
-34
-34
-36
-35
-34
-35
-35
-35
-35
-34
-35
-36
-26
-26
-26
-27
-27
-33
-35
-36
-40
-45
-56
-59
-60
-60
-60
-60
-60
-60
-52
-50
-50
-49
-46
-44
-43
-50
-50
-50
-50
-50
-43
-43
-43
-43
-43
-42
-48
-49
-48
-49
-36
-25
-17
-25
-32
-50
-53
-54
-55
-37
-11
-11
-10
-9
-17
-30
-36
-50
-49
-49
-37
-33
-33
-33
-32
-33
-32
-32
-33
-33
-32
-30
-28
-28
-28
-35
-35
-48
-49
-50
-50
-42
-41
-42
-49
-51
-55
-57
-58
-49
-44
-41
-37
-33
-25
-25
-24
-26
-25
-31
-31
-32
-31
-32
-22
-15
-14
-14
-12
-13
-13
-12
-13
-19
-28
-31
-34
-36
-35
-35
-35
-35
-35
-35
-34
-36
-35
-35
-35
-38
-40
-40
-40
-40
-40
-40
-40
-40
-40
-40
-39
-40
-40
-40
-32
-32
-31
-32
-32
-32
-31
-32
-32
-32
-31
-33
-31
-30
-26
-25
-26
-24
-25
-25
-25
-25
-25
-24
-25
-24
-26
-25
-25
-25
-25
-25
-25
-25
-19
-16
-14
-13
-14
-13
-14
-12
-14
-12
-12
-11
-9
-9
-9
-9
-9
-10
-8
-10
-10
-9
-25
-28
-27
-27
-28
-28
-29
-28
-31
-31
-15
-13
-14
-14
-13
-13
-13
-12
-13
-12
-13
-25
-31
-36
-36
-40
-39
-40
-43
-40
-41
-34
-32
-33
-33
-33
-32
-33
-32
-31
-31
-30
-30
-33
-30
-29
-28
-26
-25
-26
-21
-22
-21
-21
-27
-20
-20
-20
-21
-19
-22
-30
-21
-21
-22
-22
-23
-19
-24
-20
-18
-12
-27
-38
-24
-21
-21
-19
-20
-23
-22
-24
-20
-21
-20
-20
-21
-19
-21
-19
-20
-20
-30
-31
-33
-32
-32
-32
-32
-33
-26
-22
-17
-16
-14
-14
-11
-14
-14
-14
-13
-13
-22
-23
-26
-25
-24
-25
-24
-25
-16
-16
-15
-14
-13
-14
-14
-14
-14
-13
-13
-13
-10
-13
-12
-12
-13
-12
-19
-25
-27
-26
-27
-27
-27
-29
-27
-27
-27
-27
-28
-28
-27
-28
-28
-28
-28
-27
-27
-28
-28
-28
-28
-28
-17
-14
-13
-13
-10
-8
-9
-9
-8
-9
-8
-9
-8
-9
-9
-8
-8
-8
-8
-8
-8
-9
-8
-8
-8
-7
-8
-7
-8
-7
-8
-7
-13
-14
-14
-16
-16
-17
-20
-25
-27
-31
-31
-32
-32
-32
-32
-31
-32
-25
-23
-23
-23
-22
-23
-22
-24
-23
-22
-24
-23
-22
-22
-21
-22
-21
-18
-18
-19
-18
-19
-19
-18
-18
-12
-12
-8
-8
-4
11
21
36
41
46
51
50
51
53
57
57
60
82
94
98
100
101
100
100
92
91
91
84
79
78
79
78
78
77
79
79
77
72
71
66
62
55
38
30
11
3
-2
-9
-10
-11
-11
-11
-11
-11
-1
0
-1
-2
-1
-7
-9
-8
-9
-9
-9
-10
-9
-5
-8
-9
-8
-8
-8
-10
-9
-9
-9
-9
-8
-11
-11
-12
-11
-12
-12
-13
-13
-14
-14
-14
-14
-14
-14
-14
-15
-17
-16
-16
-16
-18
-25
-33
-38
-45
-46
-48
-64
-66
-69
-68
-68
-72
-73
-72
-73
-73
-73
-74
-73
-73
-74
-73
-73
-73
-73
-74
-72
-73
-74
-73
-74
-73
-74
-73
-73
-73
-73
-73
-73
-73
-73
-73
-74
-73
-73
-72
-74
-73
-74
-73
-64
-64
-63
-63
-60
-58
-58
-57
-54
-49
-50
-49
-50
-48
-46
-45
-44
-44
-43
-42
-43
-42
-43
-42
-43
-43
-41
-40
-40
-39
-39
-39
-39
-38
-37
-36
-37
-36
-37
-37
-37
-37
-36
-38
-36
-35
-36
-36
-36
-36
-35
-36
-32
-31
-27
-17
-12
-11
-10
-10
-12
-11
-12
-11
-11
-11
-11
-10
-11
-11
-11
-10
-11
-11
-11
-10
-12
-11
-11
-11
-10
-11
-11
-11
-11
-11
-10
-21
-20
-21
-20
-22
-23
-25
-26
-28
-27
-28
-27
-28
-28
-28
-30
-30
-30
-30
-32
-31
-31
-31
-30
-30
-31
-30
-32
-31
-32
-31
-31
-32
-31
-31
-32
-31
-30
-31
-25
-22
-22
-17
-18
-13
-14
-12
-12
-13
-12
-12
-13
-13
-24
-32
-38
-40
-51
-60
-68
-71
-76
-78
-78
-78
-79
-78
-69
-66
-58
-52
-45
-40
-35
-30
-30
-30
-30
-29
-25
-25
-26
-25
-25
-25
-25
-24
-25
-24
-21
-13
-12
-12
-12
-12
-12
-11
-11
-11
-12
-12
-12
-12
-11
-12
-12
-11
-11
-11
-11
-11
-11
-11
-11
-11
-11
-10
-11
-11
-12
-11
-12
-11
-11
-11
-10
-11
-11
-10
-11
-11
-11
-11
-11
-11
-12
-11
-10
-11
-10
-11
-10
-10
-11
-11
-11
-10
-11
-8
-7
-8
-7
-7
4
10
18
21
25
25
24
29
33
35
38
42
46
48
54
61
62
61
61
62
50
48
47
46
46
40
38
30
26
22
11
5
-10
-11
-11
-11
-12
-13
-14
-14
-14
-15
-13
-14
-13
-14
-13
-14
-14
-14
-16
-21
-22
-24
-24
-25
-26
-26
-27
-28
-30
-31
-31
-30
-23
-22
-21
-20
-27
-28
-28
-27
-27
-28
-21
-18
-18
-15
-13
-13
-14
-12
-13
-12
-13
-13
-13
-12
-13
-12
-13
-12
-12
-12
-12
-12
-12
-12
-12
-12
-12
-12
-12
-12
-12
-11
-11
-11
-10
-10
-10
-11
-11
-10
-11
-11
-11
-11
-11
-11
-10
-11
-11
-11
-11
-12
-11
-11
-12
-11
-11
-12
-11
-11
-11
-10
-11
-12
-11
-11
-11
-9
-9
-9
-9
-7
2
6
6
5
5
5
5
5
6
-3
-4
-4
-5
-5
-5
-6
-5
2
2
2
2
2
2
2
2
2
2
-4
-8
-9
-8
-9
-9
-9
-10
-12
-11
-12
-11
-12
-13
-14
-18
-20
-25
-26
-27
-26
-28
-32
-29
-23
-19
-15
-20
-14
-6
-9
-11
-9
-11
-7
-6
-16
-8
-7
-5
6
16
42
51
69
71
70
65
62
59
57
57
52
47
44
38
31
29
26
23
24
24
22
23
22
21
21
22
19
12
6
0
-9
-12
-9
-9
-9
-9
-8
-10
-11
-10
-11
-10
-10
-11
-11
-12
-11
-11
-10
-11
-12
-10
-13
-8
-15
-15
-13
-11
-7
-11
-11
-12
-11
-10
-11
-7
-10
-11
-10
-11
-10
-12
-11
-11
-10
-10
-11
-11
-12
-11
-10
-11
-11
-11
-11
-10
-11
-12
-11
-12
-10
-11
-11
-11
-10
-11
-10
-11
-11
-10
-11
-11
-11
-10
-11
-11
-11
-10
-10
-10
-11
-12
-11
-11
-10
-10
-11
-10
-10
-11
-10
-12
-12
-11
-11
-11
-12
-11
6
12
16
21
21
21
23
24
26
26
26
20
20
15
13
6
1
-7
-14
-12
-26
-32
-35
-38
-38
-30
-15
-10
-9
-10
-9
-8
-5
-10
-12
-7
-9
-7
-11
-14
-12
-12
-13
-10
-11
-17
-16
-18
-18
-17
-17
-17
-20
-18
-19
-23
-28
-35
-35
-34
-44
-44
-44
-44
-44
-43
-44
-44
-43
-44
-44
-44
-44
-44
-43
-44
-44
-44
-45
-46
-46
-45
-31
-13
-12
-9
-11
-11
-12
-11
-11
-10
-10
-11
-25
-26
-28
-28
-32
-32
-32
-30
-32
-31
-31
-31
-32
-32
-32
-24
-20
-14
-13
-14
-15
-13
-13
-14
-16
-15
-13
-13
-15
-14
-13
-23
-22
-23
-22
-25
-20
-18
-18
-27
-22
-24
-10
-29
-10
-17
-17
-3
-18
-4
-20
-12
-16
-18
-15
-9
-13
-14
-15
-14
-14
-13
-14
-14
-15
-15
-14
-14
-15
-12
-12
-12
-16
-12
-15
-15
-15
-14
-14
-11
-12
-12
-12
-12
-13
-14
-12
-15
-13
-14
-12
-12
-12
-13
-12
-9
-15
-13
-13
-11
-19
-12
-12
-13
-10
-10
-12
-12
-11
-12
-10
-10
-13
-14
-12
-11
-12
-18
-7
-14
-14
-11
-15
-14
-12
-12
-6
-13
-10
-11
-12
-10
-13
5
-12
-10
-12
-11
-11
-17
-13
-11
-12
-13
-12
-13
-24
-30
-32
-34
-35
-32
-31
-33
-33
-32
-32
-33
-33
-38
-32
-32
-32
-34
-33
-33
-32
-34
-33
-33
-36
-34
-34
-35
-35
-35
-36
-35
-35
-35
-34
-35
-34
-34
-34
-36
-34
-35
-35
-36
-35
-35
-33
-35
-35
-35
-35
-35
-34
-35
-35
-34
-34
-35
-35
-34
-35
-35
-35
-35
-35
-35
-34
-35
-34
-35
-35
-36
-35
-34
-34
-35
-36
-36
-35
-34
-36
-34
-36
-34
-34
-35
-35
-35
-35
-37
-37
-39
-43
-46
-51
-53
-57
-58
-63
-67
-68
-68
-67
-69
-68
-68
-69
-68
-70
-69
-70
-69
-69
-68
-68
-68
-70
-68
-69
-70
-68
-59
-54
-44
-35
-36
-35
-36
-34
-28
-27
-26
-26
-22
-19
-19
-20
-18
-16
-13
-12
-14
-12
-13
-13
-14
-13
-13
-12
-13
-14
-11
-13
-14
-12
-25
-22
-22
-25
-23
-24
-24
-25
-26
-24
-26
-24
-26
-23
-25
-24
-26
-31
-35
-35
-34
-35
-36
-35
-35
-35
-35
-34
-35
-35
-35
-35
-34
-36
-35
-36
-34
-35
-37
-39
-45
-46
-46
-48
-49
-49
-49
-49
-49
-48
-41
-38
-41
-42
-40
-41
-41
-40
-40
-39
-40
-40
-40
-40
-40
-40
-38
-39
-40
-38
-37
-34
-35
-35
-36
-35
-36
-35
-36
-36
-36
-36
-35
-36
-35
-35
-36
-36
-36
-36
-36
-36
-36
-36
-37
-36
-36
-34
-37
-35
-35
-36
-36
-36
-35
-35
-35
-32
-34
-32
-26
-32
-33
-32
-33
-30
-31
-30
-30
-30
-28
-28
-27
-27
-26
-25
-26
-25
-24
-25
-22
-26
-26
-26
-25
-25
-24
-25
-25
-21
-20
-21
-23
-20
-22
-20
-21
-21
-20
-20
-21
-21
-21
-21
-21
-20
-21
-20
-20
-21
-20
-20
-20
-21
-20
-21
-20
-20
-21
-21
-21
-21
-21
-21
-24
-21
-22
-21
-20
-21
-21
-21
-21
-21
-22
-21
-21
-21
-21
-20
-21
-22
-20
-21
-21
-21
-20
-22
-21
-22
-21
-22
-30
-31
-32
-33
-36
-36
-37
-37
-36
-37
-36
-38
-37
-37
-36
-37
-36
-37
-37
-37
-38
-37
-37
-37
-37
-36
-36
-36
-40
-40
-40
-40
-39
-41
-41
-41
-43
-43
-44
-44
-44
-44
-43
-44
-43
-44
-44
-44
-44
-44
-44
-44
-44
-43
-45
-44
-43
-44
-44
-44
-44
-44
-44
-44
-44
-44
-45
-45
-46
-46
-47
-46
-45
-46
-45
-46
-46
-46
-47
-50
-49
-50
-50
-50
-50
-50
-50
-49
-50
-50
-50
-49
-49
-49
-50
-50
-51
-50
-49
-50
-51
-50
-50
-50
-50
-50
-50
-49
-50
-50
-50
-50
-50
-49
-50
-50
-50
-50
-50
-50
-49
-50
-50
-50
-50
-50
-50
-50
-50
-50
-50
-50
-50
-50
-50
-50
-50
-49
-50
-50
-50
-50
-50
-45
-40
-40
-37
-36
-36
-35
-33
-33
-32
-32
-31
-30
-29
-30
-29
-26
-25
-25
-22
-23
-22
-21
-19
-16
-14
-14
-13
-14
-13
-14
-14
-13
-13
-14
-14
-14
-14
-14
-13
-14
-25
-25
-26
-26
-26
-26
-25
-19
-19
-18
-19
-19
-18
-20
-19
-19
-19
-18
-18
-20
-18
-19
-18
-19
-19
-19
-19
-19
-18
-18
-15
-15
-17
-16
-14
-14
-13
-14
-14
-14
-14
-14
-13
-13
-14
-12
-13
-13
-13
-19
-21
-21
-25
-25
-25
-25
-24
-24
-26
-25
-25
-25
-25
-25
-25
-24
-25
-24
-26
-25
-25
-25
-24
-24
-25
-25
-26
-14
-14
-12
-13
-13
-12
-13
-12
-12
-12
-12
-11
-12
-11
-12
-12
-11
-12
-13
-12
-12
-12
-11
-12
-12
-11
-12
-12
-12
-12
-11
-12
-12
-12
-11
-12
-11
-12
-12
-12
-12
-12
-11
-12
-11
-11
-11
-11
-10
-11
-11
-11
-10
-11
-10
-12
-11
-10
-11
-11
-11
-10
-11
-10
-11
-10
-12
-10
-11
-10
-11
-11
-10
-10
-11
-11
-10
-10
-11
-8
-8
-8
-8
-8
-8
-7
-6
-7
-8
-7
-8
-7
-7
-7
-7
-7
-6
-7
-7
-7
-7
-6
-8
-6
-6
-7
-6
-7
-6
-7
-7
-7
-7
-6
-7
-8
-6
-5
5
11
20
34
37
40
42
43
41
42
43
34
33
21
11
-5
-8
-9
-11
-11
-11
-11
-12
-13
-13
-12
-13
-12
-13
-13
-12
-13
-12
-13
-12
-13
-12
-12
-8
1
6
6
10
11
12
12
12
12
13
12
6
6
2
2
1
0
-1
-3
-3
-3
-3
-4
-3
-3
-5
-6
-4
-5
-5
-6
-5
-5
-5
-6
-7
-6
-7
-7
-7
-8
-10
-9
-10
-9
-9
-9
-8
-9
-8
-9
-9
-9
-8
-10
-8
-9
-8
-9
-9
-10
-9
-9
-8
-9
-8
-9
-9
-8
-9
-10
-9
-9
-9
-9
-8
-9
-11
-11
-11
-11
-12
-12
-12
-12
-13
-13
-12
-13
-13
-12
-13
-12
-12
-12
-13
-12
-13
-13
-14
-12
-14
-13
-13
-14
-14
-13
-12
-12
-13
-13
-12
-12
-14
-12
-12
-12
-12
-12
-13
-13
-13
-13
-13
-12
-13
-13
-13
-13
-13
-12
-12
-13
-13
-12
-14
-12
-13
-12
-14
-13
-13
-14
-12
-13
-13
-12
-14
-13
-14
-16
-15
-16
-16
-16
-15
-16
-16
-16
-16
-15
-16
-16
-16
-16
-16
-16
-16
-15
-16
-17
-15
-16
-15
-16
-17
-16
-16
-16
-17
-16
-17
-16
-17
-16
-17
-16
-17
-17
-17
-17
-17
-17
-16
-17
-16
-17
-17
-10
-12
-11
-11
-11
-11
-10
-11
-11
-11
-11
-10
-11
-12
-10
-11
-11
-11
-11
-10
-11
-11
-10
-12
-10
-10
-11
-11
-12
-12
-11
-11
-11
-10
-11
-11
-10
-11
-10
-10
-11
-11
-11
-11
-11
-11
-11
-11
-12
-10
-11
-11
-11
-10
-10
-11
-11
-11
-11
-10
-11
-11
-10
-11
-10
-11
-10
-11
-10
-11
-10
-11
-11
-10
-11
-10
-11
-11
-11
-11
-11
-11
-10
-11
-10
-11
-18
-22
-22
-22
-22
-22
-22
-22
-22
-21
-22
-22
-22
-26
-31
-43
-62
-73
-99
-108
-115
-138
-152
-174
-180
-186
-196
-196
-198
-202
-205
-210
-209
-209
-211
-210
-210
-210
-210
-210
-210
-210
-210
-211
-211
-211
-210
-210
-211
-204
-191
-185
-179
-135
-101
-46
-29
-23
-14
-14
-13
-13
-13
-12
-12
-12
-11
-12
-11
-12
-12
-12
-13
-12
-12
-12
-12
-11
-11
-12
-12
-12
-12
-11
-12
-12
-12
-12
-12
-12
-12
-11
-12
-11
-12
-12
-12
-12
-12
-12
-10
-12
-13
-12
-11
-11
-12
-11
-12
-12
-12
-11
-12
-11
-10
-12
-12
-12
-13
-12
-12
-12
-12
-12
-11
-12
-12
-12
-12
-12
-13
-12
-12
-12
-13
-12
-11
-12
-11
-10
-13
-12
-11
-12
-14
-12
-12
-13
-9
-13
-10
-12
-11
-14
-12
-11
-12
-13
-11
-12
-11
-12
-23
-23
-31
-37
-44
-47
-48
-48
-48
-48
-40
-37
-32
-31
-18
-14
-12
-13
-11
-11
-11
-12
-11
-12
-24
-31
-34
-36
-36
-36
-36
-36
-21
-19
-18
-16
-14
-14
-14
-14
-14
-14
-13
-14
-14
-14
-14
-14
-14
-14
-13
-14
-13
-14
-13
-14
-13
-13
-13
-14
-13
-12
-13
-13
-13
-13
-13
-12
-13
-13
-13
-12
-12
-13
-12
-13
-13
-13
-13
-13
-12
-13
-12
-14
-13
-13
-13
-13
-12
-13
-12
-13
-13
-13
-14
-13
-14
-13
-12
-13
-13
-13
-12
-12
-13
-12
-13
-13
-13
-13
-14
-12
-13
-13
-12
-13
-12
-12
-13
-14
-13
-12
-12
-13
-13
-13
-13
-13
-21
-21
-22
-23
-23
-22
-21
-22
-20
-22
-14
-13
-13
-13
-12
-12
-12
-12
-12
-8
16
28
47
60
71
85
89
95
103
102
105
105
104
105
105
95
94
94
101
105
117
123
136
139
164
176
181
186
185
186
186
186
185
180
176
173
169
152
140
107
93
64
15
-8
-12
-11
-11
-12
-11
-13
-12
-13
-13
-13
-12
-13
-14
-19
-21
-27
-28
-28
-28
-28
-28
-28
-28
-28
-28
-28
-27
-27
-27
-28
-27
-28
-27
-28
-28
-28
-27
-28
-28
-28
-28
-29
-28
-21
-21
-20
-22
-20
-20
-20
-21
-21
-21
-21
-20
-21
-20
-19
-16
-16
-15
-16
-15
-16
-16
-14
-14
-14
-13
-13
-12
-12
-13
-13
-12
-13
-14
-12
-13
-13
-13
-13
-13
-13
-13
-13
-12
-13
-12
-13
-12
-13
-12
-13
-12
-13
-13
-13
-12
-12
-12
-13
-13
-13
-20
-18
-18
-19
-19
-20
-18
-19
-21
-20
-18
-18
-18
-18
-19
-19
-19
-19
-17
-19
-19
-18
-20
-18
-19
-19
-19
-19
-18
-19
-18
-18
-22
-21
-22
-22
-22
-20
-22
-22
-23
-22
-22
-21
-21
-22
-22
-21
-22
-22
-23
-23
-23
-23
-22
-25
-24
-24
-26
-26
-25
-26
-25
-26
-26
-26
-25
-26
-26
-24
-26
-26
-26
-25
-27
-26
-27
-26
-27
-26
-27
-28
-27
-27
-27
-28
-29
-22
-21
-22
-20
-22
-21
-21
-18
-17
-14
-13
-14
-11
-11
-12
-12
-12
-11
-11
-11
-11
-11
-11
-11
-10
-11
-11
-11
-11
-10
-11
-11
-10
-10
-12
-11
-12
-11
-11
-10
-10
-11
-12
-11
-11
-11
-11
-11
-10
-12
-10
-11
-10
-11
-11
-11
-13
-10
-12
-11
-12
-11
-11
-9
-11
-11
-11
-10
-10
-10
-10
-11
-11
-11
-11
-12
-11
-10
-11
-12
-10
-11
-11
-12
-11
-11
-9
-10
-10
-8
-12
-11
-11
-11
-11
-12
-11
-10
-12
-10
-10
-11
-12
-11
-11
-12
-10
-11
-11
-11
-11
-11
-9
-12
-11
-10
-12
-10
-12
-10
-12
-10
-11
-10
-11
-10
-9
-12
-12
-11
-10
-11
-11
-12
-10
-10
-11
-10
-11
-11
-11
-9
-11
-11
-10
-10
-12
-10
-12
-10
-11
-11
-10
-10
-11
-11
-10
-11
-9
-12
-11
-11
-10
-11
-10
-10
-12
-12
-12
-10
-12
-10
-12
-11
-10
-11
-11
-12
-10
-12
-10
-11
-11
-11
-10
-12
-10
-10
-11
-11
-10
-11
-10
-10
-10
-17
-17
-16
-17
-16
-17
-17
-17
-16
-16
-17
-17
-17
-16
-18
-16
-17
-17
-15
-16
-17
-18
-18
-20
-26
-26
-26
-14
-13
-11
-11
-12
-12
-12
-13
-13
-12
-12
-12
-12
-12
-12
-14
-10
-12
-12
-14
-12
-13
-12
-11
-11
-10
-12
-11
-21
-22
-25
-27
-27
-26
-26
-21
-30
-30
-31
-30
-30
-33
-30
-31
-30
-31
-32
-22
-21
-14
-13
-13
-12
-12
-12
-12
-12
-12
-12
-12
-12
-13
-12
-11
-12
-12
-12
-12
-12
-12
-13
-12
-13
-11
-12
-12
-13
-12
-12
-12
-13
-11
-18
-21
-33
-40
-57
-61
-66
-73
-75
-77
-78
-66
-46
-38
-32
-27
-26
-12
-11
-10
-10
-9
-11
-10
-12
-13
-9
-14
-9
-12
-11
-4
-11
-10
-10
-12
-10
-2
-11
-10
-11
-10
-10
-12
-11
-11
-12
-11
-10
-9
-10
-14
-11
-9
-12
-10
-13
2
-12
-11
-12
-11
-8
-11
-10
-11
-11
-12
-12
-10
-12
-11
-10
-12
-11
-10
-12
-11
-12
-10
-12
-12
-21
-9
-12
-11
-12
-9
-20
-12
-10
-12
-10
-13
-12
-5
-11
-11
-12
-18
-12
-14
-14
-14
-14
23
-10
-14
1
-12
-10
-11
-10
-12
-10
-6
-10
-11
-10
-10
-11
-14
-9
-11
-11
-10
-8
-8
-10
-9
-6
-9
-8
-8
-6
-9
-8
-8
-9
-9
-8
-6
-7
-7
-9
-10
-8
-7
-9
-8
-6
-8
-8
-7
-8
-7
-7
-8
-9
-7
-8
-7
-8
-7
-8
-8
-9
-8
-7
-8
-9
-7
-12
-7
-8
-8
-9
-9
-8
-6
-7
-8
-8
-8
-7
-7
-7
-9
-8
-8
-7
-8
-5
-8
-8
-8
-8
-8
-7
-9
-7
-8
-8
-8
-6
-9
-8
-8
-8
-9
-6
-9
-8
-8
-8
-8
-9
-8
-7
-9
-7
-7
-7
-8
-8
-6
-9
-8
-9
-7
-14
-14
-14
-14
-14
-14
-16
-13
-12
-14
-15
-12
-14
-14
-13
-13
-15
-14
-14
-13
-14
-15
-14
-14
-14
-14
-14
-14
-16
-17
-16
-17
-17
-19
-16
-16
-16
-16
-16
-19
-17
-17
-17
-17
-17
-17
-17
-17
-17
-17
-18
-18
-18
-16
-18
-18
-17
-17
-18
-18
-18
-18
-17
-19
-18
-18
-18
-18
-18
-18
-18
-18
-19
-18
-18
-18
-18
-17
-19
-15
-18
-17
-18
-11
-12
-12
-12
-12
-12
-11
-10
-11
-10
-11
-10
-11
-11
-11
-11
-11
-11
-11
-12
-11
-12
-10
-12
-11
-12
-10
-12
-11
-10
-11
-11
-11
-11
-12
-11
-10
-12
-10
-11
-11
-11
-11
-11
-11
-11
-10
-11
-10
-11
-10
-11
-10
-11
-11
-11
-11
-11
-11
-11
-10
-10
-11
-11
-11
-10
-11
-10
-11
-11
-11
-12
-10
-11
-11
-11
-10
-11
-10
-10
-11
-10
-10
-10
-10
-10
-10
-10
-10
-10
-9
-10
-11
-9
-10
-10
-11
-11
-10
-12
-10
-17
-17
-18
-18
-17
-17
-18
-18
-18
-12
-11
-12
-11
-12
-13
-12
-12
-12
-11
-12
-10
-11
-10
-10
-10
-11
-11
-11
-12
-11
-9
-11
-11
-11
-11
-11
-11
-10
-10
-11
-12
-12
-10
-10
-11
-11
-11
-10
-11
-11
-11
-11
-11
-11
-10
-10
-12
-10
-11
-11
-11
-10
-11
-10
-12
-10
-12
-10
-12
-11
-12
-11
-10
-11
-12
-9
-9
-9
-8
-7
-2
-3
0
-1
0
-1
-1
-1
-2
-9
-9
-8
-9
-8
-10
-8
-9
-9
-9
-10
-11
-10
-11
-10
-10
-11
-10
-11
-11
-12
-11
-11
-12
-12
-13
-12
-11
-12
-12
-12
-11
-14
-13
-12
-12
-12
-12
-11
-12
-12
-12
-14
-14
-14
-14
-14
-13
-14
-14
-15
-14
-14
-14
-14
-14
-14
-13
-13
-14
-13
-14
-14
-14
-13
-14
-14
-14
-13
-13
-15
-14
-14
-13
-14
-15
-14
-13
-14
-13
-14
-14
-14
-13
-14
-15
-14
-13
-12
-13
-13
-14
-13
-14
-13
-14
-13
-14
-14
-14
-13
-14
-14
-14
-13
-14
-13
-16
-16
-16
-16
-16
-15
-18
-18
-18
-18
-20
-21
-21
-22
-22
-23
-23
-22
-22
-24
-26
-26
-27
-29
-31
-32
-34
-34
-35
-34
-34
-35
-36
-35
-35
-35
-34
-35
-34
-36
-39
-39
-38
-38
-38
-39
-38
-39
-38
-39
-38
-38
-31
-31
-25
-23
-22
-22
-19
-14
-14
-13
-13
-12
-13
-12
-14
-12
-13
-13
-13
-13
-13
-14
-13
-14
-13
-14
-12
-12
-13
-14
-12
-13
-13
-13
-13
-13
-12
-12
-13
-12
-13
-13
-13
-13
-13
-13
-14
-12
-12
-13
-13
-13
-13
-12
-12
-12
-11
-11
-8
-8
-7
-8
-8
-7
-7
-7
-8
-8
-8
-7
-7
-8
-8
-8
-9
-8
-7
-7
-8
-8
-8
-8
-9
-8
-8
-7
-6
-7
-8
-7
-7
-7
-8
-6
-7
-7
-8
-7
-7
-7
-6
-7
-7
-7
-7
-7
-7
-6
-6
-7
-7
-8
-6
-6
-7
-6
-8
-7
-7
-7
-8
-8
-7
-8
-7
-7
-6
-7
-7
-7
-6
-7
-7
-7
-7
-7
-8
-6
-7
-6
-6
-6
-6
-7
-7
-6
-7
-8
-6
-6
-8
-8
-6
-7
-7
-7
-7
-7
-7
-7
-6
-7
-14
-13
-12
-13
-13
-12
-13
-13
-12
-12
-13
-13
-14
-18
-21
-22
-23
-23
-25
-25
-24
-25
-24
-25
-24
-25
-24
-25
-17
-16
-15
-16
-16
-16
-14
-12
-12
-13
-13
-14
-13
-13
-12
-14
-12
-13
-13
-14
-12
-13
-12
-11
-11
-12
-12
-10
-10
-10
-12
-10
-10
-11
-11
-26
-40
-71
-87
-121
-135
-146
-169
-178
-187
-194
-202
-210
-214
-218
-222
-221
-222
-222
-224
-223
-226
-230
-234
-235
-235
-236
-237
-237
-237
-237
-237
-237
-236
-237
-236
-237
-236
-230
-219
-213
-185
-189
-180
-171
-167
-157
-149
-142
-128
-123
-104
-95
-88
-62
-51
-25
-14
-14
-13
-12
-12
-12
-12
-12
-12
-11
-12
-11
-12
-12
-11
-13
-12
-14
-10
-12
-12
-12
-12
-12
-11
-12
-11
-12
-12
-13
-12
-12
-11
-13
-12
-12
-12
-11
-12
-12
-11
-11
-13
-10
-11
-14
-13
-11
-12
-12
-11
-11
-12
-13
-12
-12
-12
-13
-12
-10
-12
-11
-13
-12
-11
-12
-11
-13
-13
-11
-12
-12
-12
-12
-12
-12
-12
-12
-12
-12
-11
-13
-11
-12
-12
-12
-12
-12
-11
-12
-12
-12
-11
-12
-12
-10
-12
-12
-10
-12
-12
-11
-12
-12
-12
-12
-12
-12
-11
-12
-12
-12
-13
-12
-12
-22
-40
-63
-101
-116
-151
-167
-182
-197
-204
-214
-218
-224
-235
-240
-244
-247
-249
-253
-257
-259
-261
-262
-261
-262
-261
-262
-262
-262
-262
-252
-239
-206
-191
-174
-132
-116
-98
-89
-78
-69
-68
-64
-63
-61
-56
-51
-48
-41
-35
-28
-27
-27
-27
-27
-25
-23
-23
-23
-22
-23
-22
-24
-22
-22
-22
-24
-22
-24
-23
-25
-22
-20
-22
-21
-22
-22
-22
-21
-22
-21
-22
-22
-22
-22
-30
-30
-34
-32
-36
-36
-35
-34
-35
-35
-35
-35
-27
-27
-23
-22
-18
-18
-18
-18
-18
-17
-16
-14
-13
-13
-13
-13
-22
-21
-20
-20
-20
-22
-20
-21
-24
-31
-34
-39
-40
-41
-40
-43
-41
-42
-42
-41
-41
-35
-32
-25
-20
-13
-15
-14
-15
-14
-14
-14
-15
-14
-14
-14
-14
-13
-14
-14
-14
-15
-13
-14
-14
-14
-14
-13
-13
-13
-13
-13
-12
-22
-24
-28
-31
-32
-36
-36
-37
-34
-37
-38
-37
-37
-37
-36
-38
-37
-40
-42
-43
-44
-45
-47
-46
-46
-46
-46
-45
-46
-47
-40
-38
-35
-32
-28
-24
-21
-17
-13
-14
-14
-13
-14
-13
-13
-12
-13
-12
-13
-12
-13
-12
-13
-11
-12
-11
-12
-11
-11
-13
-12
-11
-11
-11
-11
-10
-10
-11
-11
-11
-11
-11
-9
-11
-10
-10
-12
-11
-9
-11
-11
-11
-11
-10
-12
-11
-11
-10
-11
-11
-11
-11
-6
-10
-10
-9
-11
-11
-10
-11
-12
-11
-11
-10
-11
-11
-8
-9
-9
-6
-9
-10
-9
-9
-9
-8
-8
-9
-9
-9
-9
-9
-9
-8
-10
-9
-8
-9
-9
-10
-8
-9
-9
-9
-8
-10
-10
-10
-9
-9
-10
-9
-9
-7
-10
-8
-8
-9
-7
-8
-7
-8
-9
-9
-9
-9
-11
-8
-8
-9
-9
-8
-16
-15
-17
-15
-16
-15
-16
-16
-16
-15
-15
-16
-18
-17
-18
-16
-16
-15
-16
-17
-16
-16
-17
-17
-16
-16
-15
-16
-16
-16
-16
-16
-16
-16
-16
-16
-16
-15
-16
-16
-15
-15
-16
-15
-15
-15
-16
-16
-16
-16
-17
-15
-15
-15
-17
-16
-15
-16
-16
-16
-15
-16
-16
-15
-17
-16
-16
-15
-14
-17
-15
-17
-16
-15
-15
-16
-16
-15
-16
-18
-16
-17
-15
-16
-17
-16
-16
-16
-16
-16
-16
-16
-16
-16
-16
-17
-16
-16
-16
-16
-16
-16
-14
-16
-16
-16
-17
-17
-15
-16
-16
-16
-15
-15
-16
-15
-16
-16
-15
-15
-16
-16
-16
-16
-15
-16
-16
-19
-21
-23
-23
-23
-26
-28
-33
-33
-34
-43
-46
-50
-50
-53
-58
-59
-68
-72
-78
-87
-86
-86
-88
-87
-88
-87
-88
-89
-91
-93
-99
-100
-103
-108
-108
-108
-108
-109
-109
-109
-110
-108
-109
-100
-101
-98
-87
-87
-82
-79
-71
-57
-53
-42
-28
-16
-13
-12
-4
2
4
3
2
6
6
14
29
38
43
48
47
49
49
50
50
51
50
42
27
19
7
-3
-10
-12
-12
-12
-11
-12
-12
-13
-13
-13
-12
-14
-14
-14
-14
-14
-18
-22
-22
-22
-22
-22
-24
-24
-23
-25
-27
-26
-30
-32
-31
-32
-32
-33
-30
-32
-34
-32
-32
-32
-33
-32
-33
-33
-31
-32
-33
-32
-32
-32
-32
-33
-32
-31
-31
-25
-24
-24
-25
-25
-20
-18
-19
-18
-20
-18
-19
-18
-16
-16
-14
-15
-13
-14
-14
-15
-14
-14
-15
-14
-14
-14
-14
-14
-12
-12
-14
-13
-12
-12
-13
-13
-13
-13
-13
-13
-13
-13
-12
-12
-12
-12
-12
-11
-12
-11
-12
-12
-11
-12
-12
-12
-12
-12
-12
-12
-12
-12
-12
-12
-11
-12
-12
-12
-12
-12
-12
-13
-12
-12
-12
-12
-12
-12
-12
-12
-11
-12
-12
-12
-11
-11
-10
-11
-10
-11
-11
-11
-12
-11
-11
-11
-10
-11
-11
-11
-11
-10
-10
-11
-11
-11
-11
-11
-11
-12
-11
-12
-11
-11
-11
-10
-11
-12
-11
-10
-11
-12
-10
-11
-12
-10
-12
-11
-11
-12
-11
-11
-10
-11
-11
-11
-10
-11
-11
-11
-11
-18
-20
-25
-26
-28
-27
-28
-29
-30
-31
-30
-30
-30
-31
-31
-30
-31
-31
-33
-33
-32
-34
-36
-37
-36
-37
-36
-37
-37
-38
-37
-37
-37
-38
-37
-37
-36
-37
-37
-37
-37
-37
-37
-37
-37
-37
-37
-38
-39
-40
-39
-40
-40
-39
-40
-40
-40
-41
-40
-39
-40
-40
-40
-31
-31
-31
-30
-27
-12
-12
-11
-12
-12
-12
-11
-12
-11
-12
-11
-12
-11
-12
-11
-12
-12
-12
-13
-11
-12
-11
-13
-12
-12
-11
-12
-12
-12
-11
-12
-12
-12
-11
-12
-12
-12
-25
-25
-24
-25
-24
-17
-14
-13
-12
-14
-13
-12
-12
-9
-8
-6
-7
-7
-7
-7
-7
-6
-7
-8
-7
-7
-7
-12
-13
-13
-13
-13
-15
-15
-15
-16
-17
-21
-21
-13
-13
-13
-13
-13
-14
-12
-11
-13
-12
-12
-12
-11
-12
-12
-12
-12
-12
-10
-12
-12
-12
-12
-11
-13
-11
-12
-12
-12
-12
-11
-12
-11
-12
-11
-13
-12
-11
-14
-13
-12
-18
-22
-25
-15
-22
-26
-30
-34
-29
-32
-40
-33
-36
-35
-36
-36
-37
-30
-25
-21
-13
-12
-11
-11
-12
-11
-12
-11
-12
-11
-12
-11
-12
-12
-12
-11
-12
-12
-12
-12
-12
-11
-11
-12
-12
-12
-12
-12
-12
-12
-12
-12
-12
-11
-12
-12
-12
-12
-12
-12
-12
-12
-12
-11
-12
-12
-12
-12
-10
-22
-20
-14
-12
-12
-12
-12
-12
-12
-12
-12
-13
-12
-12
-12
-12
-12
-15
-11
-10
-12
-11
-13
-12
-13
-16
-12
-12
-12
-9
-12
-12
-12
-12
-20
-21
-21
-22
-21
-22
-17
-16
-13
-11
-11
-10
-11
-10
-10
-11
-10
-10
-10
-10
-10
-11
-8
-12
-11
-11
-11
-11
-11
-11
-12
-11
-11
-10
-11
-10
-11
-17
-18
-18
-22
-22
-26
-24
-25
-18
-16
-16
-17
-15
-14
-12
-13
-13
-14
-13
-14
-13
-13
-13
-12
-14
-12
-13
-13
-13
-13
-13
-12
-11
-12
-11
-12
-11
-12
-13
-12
-11
-12
-11
-12
-11
-12
-18
-21
-22
-21
-21
-21
-20
-22
-24
-21
-16
-13
-10
-15
-14
-13
-15
-15
-14
-12
-14
-13
-11
-13
-12
-12
-13
-12
-12
-12
-11
-10
-12
-13
-12
-11
-5
-13
-13
-11
-10
-13
-12
-11
-12
-11
-13
-12
-11
-11
-11
-12
-11
-11
-11
-12
-12
-12
-12
-13
-12
-10
-11
-12
-12
-11
-12
-12
-12
-7
-12
-11
-13
-12
-11
-13
-12
-11
-13
-12
-12
-11
-10
-11
-12
-11
-12
-13
-11
-21
-11
-12
-11
-12
-11
-20
-12
-13
-11
-12
-12
-12
-12
-12
-12
-12
-11
-11
-12
-11
-13
-11
-12
-12
-12
-12
-12
-12
-12
-12
-10
-11
-12
-12
-11
-12
-12
-12
-12
-12
-12
-12
-12
-11
-12
-12
-11
-12
-12
-12
-12
-10
-11
-11
-12
-11
-10
-11
-10
-11
-10
-11
-10
-7
-10
-11
-11
-11
-11
-12
-11
-10
-11
-10
-11
-12
-11
-10
-11
-10
-11
-10
-11
-14
-11
-11
-11
-10
-10
-11
-11
-10
-12
-10
-11
-11
-12
-11
-11
-11
-10
-11
-10
-11
-10
-11
-11
-10
-11
-11
-11
-11
-11
-10
-8
-10
-11
-11
-10
-10
-10
-10
-10
-11
-10
-10
-10
-11
-11
-10
-10
-11
-9
-12
-10
-9
-10
-11
-10
-9
-10
-10
-10
-10
-10
-10
-10
-4
-9
-10
-10
-10
-11
-14
-11
-11
-11
-9
-10
-10
-9
-10
-11
-10
-10
-11
-10
-10
-10
-10
-10
-10
-10
-11
-10
-11
-10
-10
-10
-10
-10
-10
-11
-10
-11
-10
-10
-10
-11
-10
-11
-11
-10
-10
-10
-10
-10
-10
-9
-11
-10
-10
-10
-10
-10
-11
-10
-9
-8
-9
-10
-14
-10
-10
-9
-10
-10
-7
-10
-10
-10
-11
-9
-11
-9
-9
-11
-10
-9
-10
-11
-7
-11
-10
-9
-10
-10
-19
-10
-11
-10
-12
-12
-10
-12
-10
-10
-12
-10
-12
-11
-2
-11
-12
-10
-12
-11
-16
-10
-11
-12
-11
-10
-11
-10
-11
-11
-12
-11
-11
-11
-10
-11
-10
-11
-10
-11
-10
-11
-10
-11
-11
-9
-11
-11
-11
-10
-11
-10
-12
-10
-11
-10
-11
-10
-11
-11
-11
-11
-11
-11
-11
-11
-10
-11
-10
-11
-10
-11
-10
-11
-10
-11
-12
-11
-11
-11
-11
-11
-11
-10
-11
-10
-11
-10
-10
-11
-10
-12
-10
-11
-11
-12
-11
-12
-10
-12
-11
-10
-11
-10
-12
-10
-11
-10
-11
-10
-11
-11
-12
-10
-11
-11
-11
-11
-10
-11
-10
-11
-10
-11
-10
-11
-10
-11
-11
-11
-11
-10
-11
-10
-10
-11
-10
-11
-11
-12
-11
-11
-11
-10
-11
-10
-11
-10
-11
-10
-11
-10
-11
-10
-11
-11
-11
-11
-11
-11
-10
-11
-10
-11
-10
-11
-10
-11
-11
-11
-12
-11
-11
-11
-12
-10
-12
-10
-11
-10
-11
-10
-12
-10
-10
-11
-11
-11
-12
-12
-10
-11
-11
-10
-11
-11
-11
-11
-11
-10
-11
-10
-11
-10
-11
-11
-11
-10
-11
-11
-11
-11
-10
-10
-10
-11
-10
-11
-10
-12
-10
-11
-11
-11
-11
-11
-11
-10
-11
-10
-11
-10
-11
-10
-11
-10
-11
-10
-11
-11
-11
-11
-11
-11
-10
-11
-10
-11
-10
-11
-10
-11
-11
-10
-11
-11
-12
-10
-12
-11
-11
-11
-11
-11
-10
-11
-10
-11
-10
-11
-11
-11
-12
-11
-10
-11
-11
-11
-11
-10
-11
-12
-11
-12
-11
-11
-11
-11
-11
-10
-10
-10
-11
-10
-11
-10
-11
-10
-11
-10
-11
-11
-11
-11
-11
-11
-11
-11
-10
-11
-10
-11
-10
-11
-10
-11
-10
-11
-11
-11
-11
-11
-11
-10
-11
-10
-11
-11
-11
-10
-11
-10
-11
-11
-11
-11
-11
-11
-10
-12
-10
-12
-10
-10
-11
-11
-10
-11
-11
-11
-9
-10
-11
-11
-11
-11
-11
-11
-11
-11
-10
-11
-10
-11
-10
-11
-10
-11
-10
-11
-11
-11
-11
-11
-11
-10
-11
-10
-11
-10
-11
-10
-11
-10
-11
-11
-11
-11
-11
-11
-10
-11
-11
-11
-11
-11
-10
-10
-11
-10
-11
-11
-11
-10
-11
-10
-12
-11
-11
-11
-11
-11
-10
-11
-12
-11
-10
-11
-10
-11
-10
-11
-11
-11
-11
-11
-10
-10
-11
-10
-10
-11
-11
-10
-9
-9
-9
-8
-8
-7
-8
-8
-8
-8
-8
-8
-8
-7
-8
-8
-9
-8
-7
-9
-7
-7
-8
-13
-13
-15
-14
-14
-14
-14
-14
-14
-13
-14
-14
-14
-13
-14
-13
-13
-13
-15
-12
-13
-13
-13
-13
-14
-14
-13
-14
-14
-14
-13
-13
-12
-14
-14
-14
-13
-14
-14
-13
-14
-17
-11
-13
-13
-13
-14
-14
-14
-13
-14
-15
-14
-13
-10
-13
-13
-13
-14
-13
-13
-13
-13
-14
-13
-10
-13
-11
-14
-12
-13
-13
-12
-12
-13
-12
-14
-13
-12
-12
-14
-13
-14
-13
-13
-12
-13
-13
-13
-13
-13
-13
-14
-14
-14
-14
-14
-13
-15
-13
-14
-13
-14
-14
-13
-13
-14
-14
-14
-14
-13
-14
-14
-13
-14
-14
-14
-13
-13
-13
-13
-13
-14
-14
-15
-13
-13
-14
-13
-14
-13
-14
-14
-14
-14
-14
-14
-13
-14
-14
-14
-13
-14
-14
-14
-12
-14
-14
-14
-14
-14
-14
-13
-14
-14
-14
-14
-14
-13
-14
-14
-14
-14
-14
-14
-14
-14
-14
-14
-13
-14
-14
-14
-14
-14
-14
-13
-14
-13
-14
-13
-14
-13
-14
-14
-14
-13
-13
-14
-14
-14
-13
-14
-14
-14
-14
-14
-14
-14
-13
-14
-13
-14
-14
-14
-14
-14
-14
-14
-14
-13
-14
-14
-14
-14
-14
-14
-14
-13
-14
-13
-14
-14
-14
-13
-14
-14
-14
-13
-13
-13
-13
-14
-14
-14
-15
-14
-14
-14
-14
-14
-14
-14
-14
-14
-14
-14
-14
-14
-14
-14
-14
-14
-13
-14
-13
-14
-14
-13
-14
-15
-14
-14
-14
-14
-14
-14
-14
-14
-14
-14
-14
-14
-14
-14
-14
-14
-14
-14
-14
-14
-14
-13
-13
-14
-14
-14
-14
-14
-14
-14
-14
-14
-14
-14
-14
-14
-14
-14
-14
-14
-14
-14
-14
-16
-16
-16
-15
-16
-26
-28
-28
-30
-28
-29
-30
-29
-30
-30
-30
-30
-21
-18
-17
-14
-14
-12
-12
-12
-11
-12
-12
-12
-12
-12
-12
-12
-12
-11
-12
-12
-12
-12
-12
-13
-11
-12
-11
-12
-11
-12
-12
-12
-11
-12
-11
-12
-12
-11
-11
-11
-11
-11
-12
-12
-12
-11
-12
-12
-12
-12
-12
-12
-12
-12
-12
-12
-11
-11
-12
-12
-12
-12
-12
-12
-12
-12
-12
-12
-12
-12
-12
-12
-12
-12
-12
-12
-10
-12
-12
-12
-11
-12
-11
-12
-12
-12
-12
-12
-12
-12
-12
-12
-12
-12
-12
-12
-12
-12
-12
-12
-12
-12
-12
-12
-12
-11
-12
-12
-11
-11
-12
-12
-11
-12
-12
-12
-12
-12
-11
-12
-11
-12
-12
-12
-12
-12
-12
-12
-11
-12
-11
-11
-11
-12
-11
-12
-11
-12
-12
-11
-11
-11
-11
-11
-11
-11
-12
-12
-12
-11
-11
-10
-11
-11
-11
-11
-11
-11
-12
-12
-10
-10
-12
-11
-11
-11
-10
-11
-11
-11
-11
-11
-12
-11
-10
-10
-10
-11
-12
-12
-11
-11
-11
-11
-12
-11
-11
-11
-11
-12
-11
-11
-11
-12
-11
-10
-10
-10
-10
-11
-10
-10
-11
-11
-10
-10
-11
-10
-11
-10
-11
-10
-10
-11
-10
-10
-10
-10
-10
-10
-10
-10
-10
-10
-10
-10
-11
-11
-10
-10
-12
-10
-10
-10
-10
-10
-11
-10
-10
-11
-11
-10
-10
-10
-10
-11
-10
-11
-10
-11
-10
-10
-10
-11
-10
-10
-10
-10
-10
-10
-10
-10
-10
-10
-10
-11
-10
-10
-10
-10
-10
-10
-11
-10
-10
-10
-10
-10
-10
-10
-10
-10
-10
-10
-10
-11
-10
-10
-10
-11
-10
-11
-10
-10
-10
-11
-11
-11
-11
-11
-11
-10
-11
-11
-11
-10
-11
-11
-11
-11
-11
-11
-11
-11
-11
-10
-10
-11
-10
-10
-11
-11
-12
-11
-10
-11
-11
-11
-12
-11
-11
-10
-12
-19
-28
-32
-36
-38
-42
-43
-41
-32
-32
-32
-31
-31
-31
-31
-31
-30
-31
-39
-40
-41
-40
-39
-40
-40
-40
-41
-39
-40
-40
-40
-39
-40
-40
-40
-40
-40
-39
-40
-30
-26
-23
-19
-16
-14
-14
-13
-13
-14
-14
-13
-13
-14
-13
-12
-13
-12
-13
-13
-12
-14
-12
-12
-12
-11
-12
-13
-12
-12
-12
-12
-12
-12
-12
-12
-12
-12
-12
-12
-12
-12
-12
-12
-11
-12
-11
-19
-22
-22
-21
-23
-23
-23
-22
-22
-23
-25
-25
-24
-25
-24
-25
-26
-26
-27
-26
-28
-27
-27
-27
-18
-14
-14
-13
-12
-12
-11
-12
-11
-11
-11
-11
-11
-11
-12
-12
-12
-12
-12
-11
-11
-12
-11
-10
-11
-10
-11
-10
-11
-10
-11
-11
-11
-10
-11
-10
-11
-10
-11
-10
-11
-11
-11
-11
-11
-11
-10
-11
-10
-11
-11
-11
-10
-10
-10
-11
-11
-11
-11
-11
-12
-11
-11
-11
-12
-10
-10
-10
-11
-10
-11
-11
-10
-11
-10
-11
-10
-11
-12
-11
-11
-11
-11
-11
-13
-10
-11
-10
-11
-10
-10
-10
-11
-11
-11
-11
-11
-11
-11
-10
-11
-12
-11
-12
-13
-11
-10
-12
-11
-10
-10
-9
-9
-8
-8
-9
-9
-5
-10
-8
-7
-10
-9
-3
-7
-8
-8
-7
-7
-8
-7
-8
-8
-8
-8
-9
-9
-8
-8
-9
-8
-8
-8
-9
-8
-9
-8
-8
-8
-9
-8
-8
-9
-8
-8
-8
-8
-8
-7
-8
-8
-8
-7
-8
-8
-8
-8
-8
-7
-8
-7
-7
-8
-8
-8
-8
-8
-9
-8
-7
-8
-10
-8
-8
-8
-7
-8
-8
-9
-7
-8
-8
-8
-8
-8
-8
-8
-8
-8
-8
-8
-5
-8
-8
-7
-8
-8
-11
-7
-8
-8
-7
-7
-8
-9
-10
-7
-8
-8
-8
-8
-7
-8
-8
-8
-8
-8
-8
-8
-8
-8
-8
-9
-9
-8
-9
-7
-9
-10
-9
-7
-8
-9
-8
-8
-8
-7
-8
-7
-7
-8
-7
-7
-10
-8
-8
-8
-9
-7
-10
-7
-6
-6
-6
1
6
4
-5
-6
-7
-7
-6
-8
0
6
10
11
2
-2
-8
-7
-11
-9
-11
-11
-12
-12
-12
-12
-12
-13
-14
-13
-13
-13
-14
-12
-13
-13
-14
-12
-14
-13
-13
-14
-15
-14
-13
-13
-14
-16
-27
-30
-32
-40
-46
-58
-57
-62
-66
-67
-67
-68
-72
-72
-76
-76
-81
-85
-86
-86
-87
-87
-88
-87
-87
-88
-88
-89
-90
-93
-93
-95
-96
-98
-100
-103
-104
-105
-106
-107
-108
-110
-115
-114
-116
-120
-118
-118
-118
-118
-118
-116
-118
-118
-118
-119
-110
-108
-112
-109
-107
-104
-104
-104
-105
-103
-104
-102
-100
-102
-97
-100
-98
-95
-95
-94
-91
-91
-65
-91
-88
-86
-85
-79
-58
-50
-38
-30
-26
-12
-14
1
1
1
1
1
-11
6
10
11
12
12
3
2
2
-3
-12
-16
-22
-42
-53
-72
-77
-82
-95
-100
-105
-112
-118
-130
-132
-136
-140
-140
-144
-146
-149
-149
-150
-153
-154
-155
-156
-155
-156
-155
-156
-155
-158
-157
-157
-158
-156
-158
-158
-158
-157
-157
-158
-159
-158
-158
-158
-158
-159
-158
-158
-159
-160
-158
-158
-149
-141
-149
-138
-128
-111
-111
-118
-123
-128
-129
-128
-125
-127
-118
-114
-107
-109
-109
-113
-106
-108
-106
-103
-105
-106
-97
-107
-106
-104
-106
-106
-105
-105
-104
-104
-104
-104
-105
-104
-104
-104
-104
-105
-104
-104
-103
-94
-90
-87
-86
-69
-58
-53
-51
-50
-40
-35
-31
-14
-13
-11
-12
-12
-14
-10
-10
-9
-8
-7
-4
6
21
39
52
56
58
58
51
49
52
49
38
28
5
-13
-15
-14
-23
-30
-41
-51
-50
-64
-72
-75
-75
-74
-78
-81
-80
-90
-93
-95
-95
-96
-96
-96
-99
-98
-99
-98
-99
-90
-89
-86
-81
-80
-78
-78
-76
-76
-76
-75
-75
-74
-75
-75
-75
-72
-74
-71
-69
-68
-69
-69
-67
-67
-68
-67
-68
-66
-66
-64
-62
-60
-60
-59
-64
-60
-58
-58
-58
-56
-57
-56
-57
-57
-57
-57
-55
-54
-53
-53
-53
-52
-50
-50
-48
-47
-37
-33
-29
-27
-25
-25
-25
-22
-21
-22
-22
-22
-29
-33
-34
-34
-35
-36
-34
-35
-35
-38
-40
-40
-43
-43
-43
-43
-43
-44
-43
-44
-50
-56
-62
-73
-77
-90
-95
-99
-108
-109
-110
-110
-112
-112
-112
-113
-113
-113
-113
-112
-113
-114
-103
-104
-103
-104
-103
-102
-100
-100
-91
-86
-82
-81
-82
-80
-81
-80
-81
-82
-81
-82
-81
-87
-89
-90
-89
-89
-89
-89
-88
-89
-72
-72
-67
-62
-60
-59
-58
-58
-58
-58
-59
-59
-58
-58
-58
-59
-58
-58
-58
-59
-50
-46
-30
-20
-13
-10
-8
-7
0
11
28
34
34
34
34
24
24
24
24
25
39
43
43
44
35
29
25
5
-3
-10
-12
-11
-13
-13
-13
-14
-12
-13
-12
-12
-12
-13
-12
-13
-12
-14
-13
-13
-12
-13
-12
-12
-13
-13
-13
-13
-13
-13
-13
-14
-14
-14
-14
-14
-14
-16
-15
-17
-21
-22
-22
-26
-30
-31
-31
-32
-32
-34
-32
-36
-39
-41
-41
-40
-41
-40
-42
-41
-40
-41
-42
-41
-42
-41
-41
-41
-34
-35
-35
-35
-35
-34
-32
-30
-28
-28
-28
-28
-28
-26
-27
-26
-25
-22
-23
-23
-22
-23
-34
-27
-16
-11
-11
-11
-11
-11
-10
-9
-9
-8
-9
-8
-9
-8
-9
-9
-9
-9
-9
-4
6
14
16
18
25
29
41
41
47
49
60
82
88
97
97
96
97
91
78
71
64
62
58
38
30
39
40
40
26
37
63
68
73
101
116
128
136
144
146
146
147
146
147
139
136
134
134
135
146
152
160
164
169
170
170
162
154
124
108
99
82
78
80
79
85
98
112
146
155
164
191
205
218
228
239
255
267
297
308
321
334
335
338
337
337
329
325
312
311
310
304
303
303
303
300
296
296
297
296
295
296
296
296
296
296
296
296
304
304
306
308
308
310
310
310
310
310
310
304
290
274
254
209
171
100
82
68
19
-11
-11
-10
-12
-11
-12
-11
-12
-12
-12
-11
-12
-12
-12
-12
-11
-12
-11
-12
-12
-12
-13
-13
-14
-13
-12
-13
-13
-13
-13
-13
-13
-13
-12
-13
-13
-13
-13
-13
-12
-13
-12
-13
