1
14
8
-6
-3
1
-8
3
-13
5
7
-4
20
7
8
-1
-1
-4
7
-10
-9
15
7
0
1
-4
7
-3
-2
2
8
10
6
2
-3
-1
-2
2
-4
-3
6
8
3
1
1
6
-1
-1
1
-2
4
2
-2
-1
6
3
3
-1
-1
4
-1
1
0
-4
-2
1
3
-1
5
6
4
5
3
-1
1
2
-2
-1
1
0
-1
-1
-2
3
2
5
-2
5
5
-1
0
4
1
3
3
-1
4
2
-1
1
0
-3
-1
0
-1
3
2
-1
12
8
9
2
8
7
3
0
-5
-5
-3
-4
7
3
9
17
15
8
1
-6
-12
-9
-8
-7
2
8
9
8
6
7
3
-1
-3
-4
-4
1
0
0
7
5
7
8
8
3
-1
1
1
-3
-1
-1
-2
-4
2
7
6
10
7
5
1
1
-1
-1
-3
-1
-1
1
1
2
11
0
1
4
0
-3
-4
-2
-1
-1
0
3
2
5
6
3
2
2
-3
-1
-3
-1
3
2
2
2
2
6
1
-2
4
-2
-5
4
0
-4
-1
6
3
-1
3
2
-1
1
2
2
4
1
6
4
1
-3
-1
-2
0
3
-2
2
-2
0
1
0
1
2
3
3
6
4
-1
1
2
3
4
5
1
2
3
3
0
0
1
3
3
5
-3
0
5
-2
3
2
4
3
7
2
0
1
1
-3
-3
0
0
5
2
4
2
1
1
0
0
3
1
4
1
3
3
2
5
1
1
1
3
1
-2
0
1
1
5
3
6
3
0
0
1
-3
2
2
2
3
5
2
0
6
-2
1
-1
-1
-1
-1
0
-2
2
6
7
3
4
4
1
1
-2
-4
0
-1
2
-1
3
3
2
3
5
255
-6
-10
3
-1
5
-1
-5
-2
-12
-8
6
20
28
33
35
33
23
10
-8
-21
-30
-39
-39
-19
-8
5
29
35
35
30
16
4
-9
-14
-9
-7
4
21
33
41
40
42
38
32
16
16
8
2
2
12
14
18
20
22
12
8
-1
-10
-12
-13
-7
-8
3
2
-8
7
-3
0
-5
11
5
8
13
13
15
14
16
-8
-11
-13
-16
-9
-8
-3
19
18
21
17
13
6
-3
-7
-12
-6
-9
-6
1
7
14
10
11
6
3
-5
-1
-6
-6
-6
-2
3
-2
2
9
11
15
8
7
0
1
-4
-3
-3
6
3
8
7
6
6
4
5
1
-3
-1
-1
-2
0
-1
2
4
6
4
4
8
0
4
-1
0
-5
1
-1
0
3
2
4
1
1
6
1
-3
-1
0
-2
0
5
4
6
5
3
2
0
-3
-5
-1
-4
2
1
3
3
3
2
5
5
4
2
-3
0
-1
253
-2
0
2
1
0
-1
2
1
-2
0
-1
2
0
-1
5
3
5
1
2
-1
-4
-3
3
-1
0
-3
4
4
8
8
3
0
6
0
2
3
2
4
0
3
2
5
2
12
-6
2
2
-2
0
0
-2
2
2
5
4
6
4
-1
3
-1
1
5
0
3
4
1
1
4
6
-4
-3
9
9
6
-2
-3
9
-13
-4
25
14
13
-9
19
-8
-57
-28
-42
-43
-16
-109
-26
-85
-100
-179
-179
-213
-312
-280
-312
-313
-276
-265
-187
-86
-97
-60
33
15
39
71
34
5
-13
-41
-154
-200
-198
-340
-361
-384
-472
-539
-551
-601
-683
-722
-747
-757
-802
-833
-779
-846
-833
-759
-810
-735
-690
-708
-648
-608
-587
-564
-538
-516
-480
-502
-490
-470
-502
-523
-516
-519
-515
-507
-461
-458
-477
-454
-456
-484
-445
-462
-441
-402
-417
-352
-312
-299
-221
-148
-144
-91
9
-41
-11
62
26
-59
-73
-108
-187
-169
-171
-198
-156
-157
-140
-88
-100
-91
-58
-31
-21
26
55
105
129
200
248
240
300
297
282
290
268
247
225
196
183
164
157
152
169
200
241
288
309
305
407
311
229
301
246
114
146
82
35
69
-13
-16
-21
-103
-122
-148
-143
-158
-163
-143
-151
-48
-41
-63
19
44
0
18
-3
-36
-100
-126
-132
-139
-112
-92
-25
28
113
138
162
306
267
211
262
196
167
166
92
70
29
-22
-26
-72
-77
-53
-99
-92
-57
-120
-90
14
-35
-13
82
35
47
17
-26
-14
-59
-99
-64
-112
-72
-51
-38
42
56
27
123
154
7
120
66
-18
49
-49
-71
-44
-105
-104
-85
-115
-79
-74
-70
-46
-61
-91
-31
-55
-125
-77
-135
-129
-124
-203
-189
-174
-198
-140
-122
-112
-40
-16
22
80
72
118
172
176
83
107
144
85
82
71
45
26
-20
-38
-83
-152
-146
-190
-217
-184
-222
-208
-216
-196
-88
-141
-88
-7
-47
-24
-57
-86
-53
-95
-111
-58
-88
-49
-8
5
62
108
102
117
206
137
55
166
128
64
100
59
4
-17
-67
-93
-115
-152
-131
-120
-106
-70
-31
10
89
91
72
133
127
117
104
45
10
-64
-100
-141
-209
-196
-196
-168
-60
-14
29
150
240
221
235
253
228
223
188
117
116
39
-24
-51
-80
-112
-85
-79
-86
-39
-84
-129
-56
-101
-123
-56
-96
-148
-187
-233
-276
-334
-306
-272
-234
-181
-76
20
71
165
152
220
302
173
290
298
103
153
72
-48
-57
-149
-176
-150
-173
-129
-100
-42
-23
-38
-12
59
-7
-18
83
9
-7
15
-21
-27
-90
-130
-98
-107
-141
-52
-14
-22
10
36
75
81
95
148
74
59
73
-45
-87
-90
-151
-160
-147
-147
-125
-71
-48
-26
11
37
150
171
168
258
244
149
138
122
21
29
7
-7
73
142
212
332
370
433
548
622
489
515
541
307
291
289
131
141
93
28
86
61
80
195
187
257
344
299
448
544
531
657
700
702
728
779
776
794
821
818
826
849
817
798
771
722
666
608
573
463
389
406
306
162
107
19
-42
-80
-189
-160
-138
-153
-99
-21
15
74
116
197
283
216
286
437
353
361
401
333
285
232
176
112
80
70
53
59
92
73
79
156
143
31
92
71
-13
29
-17
-66
-20
-61
-78
-42
-62
-54
-20
-13
41
64
49
32
22
110
56
82
161
128
164
119
83
105
48
10
14
-11
18
43
47
77
133
103
164
254
114
244
258
220
276
219
224
207
118
126
75
17
29
-3
1
38
14
-20
99
68
-2
101
129
143
174
153
141
92
33
-12
-53
-74
-93
-70
-48
-15
-14
-19
71
56
6
106
57
81
115
60
51
55
1
-14
-11
-45
-28
-36
-67
-28
-89
-130
25
-10
-31
65
8
51
41
-39
-34
-71
-137
-103
-140
-118
-70
-61
-8
21
56
80
162
73
59
168
124
42
109
65
30
47
-5
-22
-43
-74
-69
-87
-87
-78
-117
-184
-218
-90
-36
-4
-8
80
111
35
39
25
-11
-27
-16
47
90
100
176
193
136
150
150
116
64
52
59
30
52
54
39
47
20
5
-25
-72
-107
-143
-189
-185
-183
-237
-255
-142
-260
-307
-212
-270
-211
-141
-197
-99
-43
-95
0
23
-32
25
89
126
176
226
269
314
237
203
190
49
30
-11
-31
-54
-73
-51
-79
-91
-52
-107
-117
-37
-95
-148
-42
-78
-135
-72
-56
-32
-77
-56
-29
-78
-29
-56
-34
48
40
132
216
250
336
410
565
526
362
491
408
234
226
113
57
39
-62
-76
-115
-197
-184
-240
-255
-235
-282
-213
-111
-211
-191
-139
-215
-167
-258
-298
-213
-226
-228
-149
-132
-80
-38
42
110
153
201
259
401
522
405
441
624
464
429
514
395
387
404
331
328
265
135
133
50
-36
-64
-174
-188
-115
-252
-332
-197
-317
-347
-308
-351
-282
-292
-324
-289
-295
-301
-276
-263
-226
-201
-108
-53
-32
91
56
86
175
87
72
81
-15
-25
-5
-84
-75
-49
-81
-101
-81
-118
-118
-141
-240
-112
-118
-193
-106
-86
-42
9
-18
-4
57
20
31
86
84
106
154
169
202
258
263
339
304
148
264
211
83
119
84
66
84
83
88
45
42
28
-16
-32
-40
-59
-103
-58
20
-31
28
70
25
62
41
-12
0
-18
-44
-15
-14
-12
49
85
143
164
128
233
244
164
269
272
219
303
250
216
225
137
75
59
-3
-27
-58
-45
-62
-95
-107
-54
-65
-146
-49
-43
-51
-3
-12
-2
21
6
22
33
1
37
51
43
81
81
31
164
124
30
147
66
74
89
-249
29
0
-58
-28
-89
-124
-112
-146
-146
-126
-162
-98
-39
-151
-114
-58
-124
-118
-101
-93
-51
-85
-69
-23
-47
-22
1
-2
58
68
57
99
205
116
64
159
57
46
63
-20
-1
1
-55
-26
-31
-92
-84
-79
-105
-138
-193
-163
-80
-153
-34
-19
-45
-17
-64
-86
-84
-165
-146
-127
-131
-78
-37
-24
5
41
65
136
56
39
98
47
36
52
18
15
20
-21
-23
-30
-86
-64
-75
-109
-86
-104
-57
-11
-70
-34
18
5
32
15
-6
25
16
12
50
55
79
136
165
223
271
273
315
407
291
231
284
161
90
81
-8
-26
-42
-81
-65
-90
-101
-95
-119
-102
-126
-158
-170
-84
-104
-116
-32
-33
-18
-3
-14
-5
-14
-20
12
26
37
78
133
171
211
239
248
306
331
151
151
161
-15
-6
-34
-62
-41
-69
-45
-18
-25
-23
-13
-14
-8
-17
-25
-17
-18
-13
-1
-17
4
57
39
87
111
82
107
127
108
118
131
127
151
131
134
161
128
154
177
140
223
230
214
266
244
392
330
152
159
58
-83
-158
-187
-183
-163
-160
-129
-5
90
61
76
128
106
67
37
7
-21
-26
-51
-42
-29
-22
-13
-1
18
23
34
34
31
18
10
-2
-11
-17
-16
-16
-8
-3
17
18
19
16
13
9
-1
-10
-13
-14
-14
-13
-3
8
28
50
50
44
38
20
-5
-25
-41
-51
-52
-40
-13
3
32
52
60
53
39
17
-12
-26
-46
-53
-47
-29
-16
19
39
46
40
29
21
7
-6
-14
-13
-5
-10
-1
4
6
12
10
8
4
-7
-10
-10
-11
0
2
14
17
20
14
6
1
-5
-8
-13
-11
-7
-2
1
9
16
18
22
21
15
3
-2
-5
-7
-9
-8
-4
-5
1
-3
-9
-8
-11
-11
0
3
12
17
22
26
21
21
15
1
-9
-11
-14
-11
-9
-3
4
6
10
5
-5
2
0
-6
0
3
9
8
11
14
16
-2
253
-2
-4
0
-11
-5
-2
1
5
11
14
15
10
10
2
1
-5
-5
-5
-5
-2
-4
6
13
15
16
14
10
0
-6
-9
-15
-12
-8
-1
6
3
11
7
7
15
3
1
-3
-7
-2
-8
-8
0
2
8
7
15
7
2
6
8
-3
-12
-5
-8
-4
14
3
11
-6
-8
5
23
12
-11
-4
-13
12
-1
22
29
23
26
6
-6
-3
-3
-5
3
4
28
10
15
1
-29
-45
-36
-53
-29
-70
-58
-17
24
147
49
47
55
37
-23
-241
-227
95
49
9
332
390
644
171
374
518
-146
531
-11
255
-534
-493
-316
149
98
-364
176
343
-457
-440
164
339
107
-8
197
119
-49
428
-325
528
-431
646
-812
1129
-368
-11
-273
120
329
-127
-66
90
369
-198
50
126
-246
281
-232
97
-265
-269
327
-287
127
456
-431
590
126
-117
333
231
269
398
269
345
471
323
349
250
347
259
269
179
263
135
71
46
56
-26
-45
-87
-150
-118
-168
-158
-131
-130
-188
-186
-224
-343
-435
-495
-483
-461
-496
-434
-386
-391
-414
-400
-326
-165
-133
-137
-57
-93
-48
-21
-86
-70
-82
-113
-45
-26
-42
-34
-128
-161
-148
-44
15
-12
-72
-75
-47
-44
0
-17
-7
27
50
56
74
-9
16
-22
-73
-42
-43
-64
-61
-123
-219
-268
-294
-346
-321
-364
-392
-341
-359
-333
-356
-369
-451
-446
-459
-321
-199
-91
1
128
138
197
298
372
519
579
652
896
977
1050
1213
1238
1163
1231
1239
1210
1222
1151
1066
1039
933
844
722
637
564
442
370
390
409
407
393
340
207
151
-19
-149
-187
-356
-438
-498
-612
-664
-618
-585
-519
-431
-389
-324
-284
-234
-241
-169
-153
-88
-77
-22
3
-18
-47
-22
-8
93
169
160
199
309
334
344
417
414
420
401
364
341
329
340
360
347
308
284
254
239
225
202
176
160
218
203
198
234
198
151
104
-22
-64
-112
-152
-149
-154
-209
-230
-199
-202
-190
-175
-206
-217
-196
-143
-142
-136
-97
-91
-58
28
37
44
107
126
137
136
93
84
134
155
154
233
208
209
242
238
220
157
113
43
27
8
-64
-81
3
7
47
93
95
43
81
168
150
99
81
25
27
35
-6
-22
-9
3
17
36
99
110
83
85
106
89
98
114
110
79
62
70
81
44
58
38
-5
-25
-71
-121
-187
-225
-217
-216
-245
-238
-283
-284
-279
-303
-340
-335
-335
-372
-454
-511
-626
-629
-710
-706
-671
-585
-544
-513
-443
-361
-309
-276
-269
-231
-232
-236
-243
-238
-212
-164
-75
-10
15
43
43
43
42
85
156
205
267
313
316
421
433
370
328
290
221
183
175
73
-9
22
145
97
-67
-80
-148
-211
-155
-76
-106
-141
-163
-172
-153
-133
-122
-137
-116
-57
-22
-5
61
74
118
137
115
116
124
90
81
93
71
80
72
40
90
125
151
180
132
65
40
-12
-88
-106
-99
-141
-147
-137
-150
-158
-189
-188
-200
-228
-181
-137
-117
-69
-76
-95
-51
-64
-100
-68
-90
-137
-173
-231
-271
-261
-327
-411
-421
-402
-376
-335
-333
-313
-316
-291
-274
-255
-281
-362
-412
-449
-457
-390
-372
-334
-294
-306
-295
-230
-193
-212
-170
-181
-193
-199
-188
-192
-241
-267
-232
-230
-177
-136
-74
-34
41
82
91
155
195
196
208
499
257
238
288
295
270
302
334
377
487
494
474
428
403
376
313
280
188
130
69
4
-38
-70
-124
-211
-288
-325
-267
-224
-273
-263
-193
-296
-293
-238
-310
-312
-283
-255
-212
-147
-177
-128
-102
-114
-21
19
24
27
47
52
29
80
147
144
163
160
147
184
255
290
343
456
470
515
526
426
334
128
51
132
66
37
69
9
-62
37
-1
-12
52
7
33
52
49
63
51
-17
-70
-88
-157
-183
-142
-131
-107
-113
-78
-103
-117
-109
-157
-192
-228
-274
-280
-241
-290
-342
-334
-297
-280
-291
-336
-329
-291
-311
-327
-309
-334
-346
-331
-345
-331
-317
-267
-185
-133
-117
-131
-146
-123
-111
-36
18
27
82
80
85
92
110
136
175
183
209
198
216
211
191
125
85
44
24
-52
-103
-158
-259
-335
-392
-437
-427
-421
-431
-411
-385
-388
-390
-368
-382
-355
-335
-334
-376
-381
-394
-434
-486
-526
-568
-568
-554
-536
-515
-525
-519
-519
-470
-444
-420
-412
-385
-386
-353
-352
-322
-327
-341
-307
-205
-177
-124
-65
-25
-17
85
83
124
186
160
88
148
132
147
195
270
322
300
249
164
114
102
74
-50
-92
-113
-179
-187
-227
-241
-244
-274
-342
-383
-437
-512
-574
-571
-635
-638
-610
-601
-573
-521
-474
-423
-332
-316
-221
-178
-125
-78
-36
-11
37
74
129
180
191
223
218
215
253
250
249
244
204
208
230
239
240
255
233
224
208
213
193
208
163
137
77
97
41
12
-31
-46
-52
-89
-149
-108
-142
-136
-81
-44
-5
-7
47
42
96
96
93
94
121
131
109
130
156
152
152
164
201
201
259
254
252
261
272
266
275
293
318
329
350
358
375
371
341
311
350
326
367
335
317
310
296
310
324
319
379
334
327
291
304
247
206
150
148
87
52
9
3
-26
-31
-71
-134
-179
-240
-296
-313
-377
-371
-402
-418
-470
-507
-484
-511
-573
-630
-672
-681
-655
-622
-570
-519
-446
-386
-305
-282
-273
-164
-80
25
124
217
285
356
430
485
450
402
377
349
345
352
319
331
372
373
368
312
193
130
66
-41
-80
-41
-58
-51
-18
-18
4
-12
0
-22
-42
-47
-86
-111
-120
-154
-191
-210
-158
-243
-218
-221
-303
-294
-260
-233
-206
-177
-193
-177
-167
-149
-92
-11
57
39
104
248
215
216
226
127
125
122
137
113
32
2
4
-11
-11
19
-6
11
36
14
26
33
-4
-3
43
76
135
114
64
52
-11
-119
-116
-149
-151
-111
-49
39
68
47
49
26
40
21
85
54
57
46
50
47
61
41
30
22
14
13
7
12
26
29
39
40
42
12
41
32
46
72
78
81
61
13
-95
-108
-164
-195
-218
-199
-224
-197
-179
-170
-158
-141
-152
-145
-135
-107
-94
-71
-19
-16
41
51
58
49
69
58
54
36
48
67
40
78
44
28
14
17
-45
-32
-35
-18
-63
-89
-90
-46
-71
-105
-202
-221
-260
-266
-305
-339
-325
-306
-335
-346
-304
-282
-306
-256
-214
-232
-236
-276
-308
-334
-340
-367
-368
-402
-381
-364
-384
-341
-313
-334
-337
-291
-166
-160
-156
-34
-6
-30
42
21
-105
-119
-195
-159
-80
-60
6
57
17
39
114
290
373
364
293
199
141
126
81
100
103
116
87
89
58
40
-11
-32
-63
-92
-132
-119
-117
-83
-39
18
64
83
92
108
102
114
102
115
86
99
145
153
178
88
46
12
6
-74
-73
-154
-129
-156
-106
-90
-65
-106
-67
-118
-94
-104
-55
-56
-48
-48
-75
-8
-56
-64
-96
-140
-123
-70
-82
-41
-2
-29
-17
-27
-66
-31
-56
-189
-214
-235
-216
-160
-56
-67
-123
-135
-210
-234
-152
-216
-112
-15
14
45
34
16
39
76
52
61
59
91
165
179
240
283
236
198
191
202
171
149
128
152
160
111
108
158
203
218
255
277
322
360
389
385
421
392
398
404
300
159
43
-7
-15
-15
45
38
73
114
141
211
241
326
301
295
257
179
121
135
162
208
262
265
312
349
335
358
349
301
321
262
234
263
287
335
386
337
254
237
205
218
198
190
189
208
222
227
234
190
110
38
86
42
44
119
156
227
242
275
192
190
194
232
250
274
226
249
219
189
202
190
170
184
198
188
188
187
173
231
188
158
140
124
96
102
90
152
136
120
159
123
118
117
160
171
140
186
213
184
220
244
228
224
200
222
213
243
243
241
198
226
216
221
180
132
118
140
116
176
209
219
221
248
200
276
319
322
347
326
336
306
325
330
340
350
323
289
293
281
251
256
255
247
228
236
249
221
216
214
222
238
245
251
224
271
289
369
330
266
244
226
211
179
175
201
223
265
314
321
323
307
298
243
194
193
168
202
251
290
301
353
302
295
274
208
193
261
248
226
251
278
241
228
257
223
211
194
115
170
166
142
161
144
142
91
58
54
34
24
47
8
-5
37
7
-4
10
-14
-1
13
5
-23
-24
-40
-32
-62
-89
-106
-81
-99
-132
-95
-152
-269
-321
-349
-348
-338
-259
-246
-184
-124
-102
-56
-27
-22
-9
3
7
34
29
26
30
45
67
103
83
87
66
63
69
73
76
66
38
49
83
84
70
59
77
101
101
134
158
183
201
189
120
46
-64
-75
-103
-121
-149
-131
-165
-161
-151
-153
-70
-69
-54
-48
-85
-135
-156
-178
-150
-107
-81
-106
-137
-159
-162
-141
-129
-157
-177
-164
-176
-189
-197
-218
-223
-245
-259
-269
-212
-223
-225
-191
-133
-84
-48
-30
-74
-59
-107
-119
-116
-64
-82
-35
-29
-39
-20
12
9
4
17
85
169
148
86
72
24
-25
17
32
0
37
40
22
37
18
48
37
-21
-14
9
-18
-46
-64
-107
-96
-106
-113
-116
-114
-118
-89
-79
-50
42
80
171
184
197
183
197
154
140
97
20
20
-28
-38
-16
-46
-69
-38
-9
-23
-17
-10
-27
17
70
71
99
139
95
81
4
8
9
-4
-60
10
75
115
104
85
62
74
22
-26
-84
-185
-223
-166
-172
-118
-94
-88
-98
-80
-106
-151
-209
-256
-275
-287
-278
-270
-300
-319
-321
-318
-304
-293
-280
-249
-200
-222
-222
-208
-216
-139
-97
-117
-122
-125
-183
-236
-236
-284
-283
-278
-279
-240
-217
-212
-260
-218
-231
-202
-182
-172
-166
-143
-169
-142
-203
-311
-329
-309
-252
-187
-180
-208
-246
-228
-219
-212
-163
-147
-115
-108
-131
-147
-130
-180
-149
-160
-177
-197
-161
-151
-124
-28
-43
-111
-76
-100
-96
-73
-80
-74
-39
-33
-57
-18
-29
18
43
62
166
261
342
446
462
498
443
392
267
264
219
182
182
97
71
123
187
248
262
222
168
110
73
54
10
-62
-67
-74
-58
15
61
116
194
185
228
355
357
361
319
2
191
126
87
47
13
-19
-9
16
37
66
56
77
43
-3
0
54
0
6
7
-78
-81
1
-10
22
121
164
164
189
251
229
206
152
39
29
33
4
37
98
120
175
236
248
246
273
240
233
296
286
284
334
334
381
393
368
425
450
468
541
596
659
718
772
843
864
864
751
737
600
617
617
620
613
625
570
560
470
400
358
293
150
80
-43
-223
-328
-407
-487
-523
-573
-592
-594
-605
-606
-573
-571
-482
-328
-194
43
161
274
349
327
339
257
174
276
339
163
53
110
98
118
169
89
52
13
7
64
34
-5
-57
-119
-289
-292
-254
-208
-93
-48
-62
-34
-6
49
93
108
3
-61
34
-6
15
74
50
78
128
127
164
215
189
188
123
157
248
311
290
137
2
-45
14
110
167
215
262
241
201
214
176
132
104
116
69
121
209
196
206
253
126
128
290
332
340
345
328
344
355
304
300
250
175
77
67
81
-14
-76
-63
-90
-136
-166
-288
-377
-375
-373
-402
-440
-506
-540
-592
-643
-702
-801
-827
-771
-738
-693
-638
-589
-595
-489
-379
-414
-387
-410
-473
-500
-414
-227
-91
-137
-135
-166
-188
-105
-47
-33
45
71
56
35
10
-66
-152
-213
-194
-181
-204
-194
-224
-297
-288
-245
-207
-155
-153
-154
-201
-177
-189
-179
-137
-193
-239
-201
-151
-123
-34
88
98
202
233
232
252
226
133
84
133
124
139
242
214
203
161
100
5
4
-21
-18
27
-20
-127
-193
-223
-228
-204
-182
-162
-115
-14
5
-51
-104
-56
-31
65
143
144
116
119
71
-16
-76
-105
-103
-5
116
125
156
196
209
170
177
142
117
85
42
52
53
68
99
118
75
77
62
48
46
75
88
109
129
124
136
149
114
100
80
63
90
68
72
42
30
14
1
-6
6
36
82
111
135
142
185
192
229
197
190
197
202
215
207
234
224
222
262
215
214
210
210
222
233
196
156
170
214
211
192
171
157
190
196
201
220
198
188
187
159
127
129
174
206
201
200
177
97
92
115
56
77
65
5
16
-4
-16
-40
-8
23
28
21
11
-12
67
116
135
198
244
222
178
223
235
289
285
198
133
192
272
298
340
351
398
416
370
330
261
243
241
191
188
157
131
107
94
73
23
-8
-47
-88
-58
-84
-93
-109
-108
-119
-158
-170
-166
-165
-171
-120
-97
-46
16
17
32
-26
-55
-123
-137
-178
-218
-218
-201
-141
-77
-71
-33
-6
-2
19
29
13
12
26
48
66
105
126
127
162
166
138
125
150
138
140
160
167
224
261
266
312
280
280
298
284
271
291
251
226
263
317
382
442
458
553
553
549
582
576
536
620
738
686
680
682
699
731
733
734
722
695
648
662
637
608
591
599
547
528
512
457
420
374
294
277
273
260
274
275
273
306
310
278
277
291
261
266
319
353
342
383
391
361
319
263
163
82
-37
-99
-137
-191
-183
-225
-233
-225
-213
-246
-209
-190
-165
-139
-148
-147
-122
-118
-120
-101
-104
-128
-114
-128
-153
-115
-151
-144
-147
-168
-173
-161
-139
-125
-125
-127
-89
-76
-95
-101
-84
-98
-97
-93
-115
-83
-96
-106
-60
-45
-45
-16
-17
-1
-27
-46
-46
-58
-113
-136
-186
-248
-273
-318
-303
-257
-234
-233
-158
-87
-47
42
93
84
103
70
34
-11
-33
-85
-61
-64
-110
-81
-80
-89
-35
-33
-17
6
-26
-51
-67
-75
-90
-111
-118
-123
-137
-160
-212
-175
-144
-146
-132
-116
-75
-22
-8
9
37
48
102
124
112
84
31
8
18
62
90
141
178
219
264
286
283
165
122
69
89
77
78
96
88
80
89
72
93
132
146
130
95
84
95
127
136
178
174
187
245
296
369
422
498
560
616
598
524
491
464
427
444
531
502
476
564
537
447
518
393
306
329
258
210
214
165
68
51
17
32
189
249
319
411
398
435
463
430
445
483
447
440
493
446
362
301
251
192
156
81
37
70
110
118
139
169
144
188
190
250
253
171
167
128
90
89
147
183
273
263
191
160
143
90
35
-4
-17
-21
-52
-39
-56
-89
-72
-47
-62
-94
-68
-111
-135
-144
-171
-208
-227
-268
-288
-375
-413
-384
-350
-281
-258
-263
-255
-243
-312
-316
-300
-285
-275
-237
-254
-213
-131
-95
-43
24
65
121
202
144
67
96
68
12
32
54
30
-13
-70
-86
-46
-28
-52
-129
-153
-181
-174
-121
-129
-70
-41
-18
6
27
-5
-35
-68
-74
-134
-203
-280
-311
-313
-344
-385
-369
-460
-656
-729
-750
-744
-631
-472
-458
-344
-254
-352
-428
-348
-247
-161
-125
-165
-198
-175
-178
-210
-225
-258
-255
-299
-326
-309
-317
-285
-288
-348
-362
-332
-332
-376
-394
-444
-533
-559
-575
-517
-427
-378
-321
-301
-336
-339
-310
-337
-289
-290
-320
-377
-359
-378
-377
-319
-325
-290
-234
-217
-152
-123
-110
-90
-60
-59
45
89
155
171
176
193
161
118
80
116
138
168
188
213
190
187
204
163
128
119
75
74
128
166
181
230
258
269
280
263
298
296
288
315
335
339
299
277
322
347
388
391
410
456
473
478
555
565
580
562
557
516
532
541
507
503
490
514
501
264
537
511
480
405
393
410
386
382
399
394
380
365
362
326
324
341
340
342
337
349
347
311
344
313
263
220
140
44
0
-63
-132
-144
-210
-278
-228
-226
-220
-176
-147
-169
-172
-258
-311
-370
-404
-417
-450
-448
-370
-319
-314
-322
-398
-393
-421
-482
-548
-561
-585
-576
-555
-576
-599
-582
-577
-576
-574
-531
-528
-518
-528
-500
-466
-477
-333
-295
-219
-63
-64
-34
12
47
148
146
169
293
342
324
335
326
299
301
277
279
356
380
410
341
312
298
303
265
243
248
339
474
459
396
269
228
218
244
234
118
114
128
157
165
182
202
137
63
25
-83
-200
-165
-97
-119
-134
-150
-293
-246
-243
-320
-361
-282
-235
-206
-271
-341
-360
-377
-362
-276
-242
-261
-271
-289
-381
-413
-537
-639
-672
-624
-567
-453
-331
-298
-268
-172
-182
-148
-160
-219
-241
-278
-366
-456
-456
-458
-423
-372
-341
-364
-395
-414
-412
-416
-468
-483
-463
-405
-366
-362
-375
-377
-362
-380
-386
-378
-358
-337
-307
-292
-279
-258
-220
-167
-154
-134
-115
-78
-37
-23
-4
-1
9
54
65
50
-13
-9
-3
11
62
77
114
135
103
126
112
75
82
105
145
223
228
247
287
230
170
164
102
59
41
-55
-80
-141
-213
-296
-356
-400
-455
-478
-484
-470
-460
-425
-400
-410
-399
-411
-423
-440
-468
-452
-449
-445
-387
-357
-313
-319
-348
-346
-330
-306
-231
-212
-184
-137
-92
-40
15
45
64
103
156
243
292
345
271
263
270
227
210
217
231
279
253
229
221
253
253
248
253
229
175
173
135
59
-14
2
-30
-15
19
13
12
13
-53
-50
5
10
-14
50
108
91
52
88
172
188
231
360
352
361
362
332
314
306
308
326
341
484
577
574
472
440
390
384
434
341
315
343
297
292
461
504
523
549
527
506
502
450
443
435
408
412
372
341
293
205
230
249
251
211
220
232
224
164
155
102
94
42
60
70
77
40
-7
-30
-32
-16
24
15
25
-8
-94
-115
-122
-113
-113
-111
-106
-128
-185
-196
-182
-234
-219
-207
-227
-186
-139
-139
-154
-194
-338
-423
-475
-550
-516
-462
-461
-457
-424
-388
-336
-300
-271
-312
-289
-266
-275
-258
-219
-233
-241
-202
-220
-215
-144
-150
-180
-179
-242
-318
-312
-391
-348
-291
-265
-225
-191
-185
-167
-184
-197
-187
-169
-146
-106
-86
-63
18
2
33
53
67
126
156
147
130
79
42
40
-17
-17
13
-17
-64
-105
-135
-157
-154
-149
-181
-183
-223
-217
-253
-245
-241
-251
-254
-256
-263
-239
-243
-229
-189
-175
-164
-152
-153
-153
-183
-302
-336
-390
-361
-310
-228
-235
-200
-207
-168
-159
-164
-163
-254
-261
-203
-130
-121
-139
-88
-112
-151
-158
-218
-226
-208
-229
-282
-284
-317
-342
-296
-293
-297
-273
-307
-301
-262
-317
-276
-225
-209
-113
-7
-20
10
32
20
33
81
124
156
130
94
53
30
106
89
176
210
179
209
162
180
226
206
212
304
270
266
246
293
289
348
249
238
242
160
135
174
161
137
211
169
131
110
51
72
156
179
190
234
351
397
399
393
364
310
312
282
278
311
279
227
236
240
275
337
344
324
315
309
298
348
397
368
351
334
324
273
265
322
400
402
442
454
475
558
570
453
432
524
551
545
529
411
362
329
367
486
556
510
448
440
363
355
411
470
406
337
329
276
180
110
-52
-193
-239
-319
-300
-204
-86
-110
-59
-95
-200
-176
-153
-266
-386
-490
-555
-558
-543
-553
-535
-335
-212
-183
-181
-263
-267
-228
-336
-549
-707
-773
-794
-759
-734
-796
-724
-763
-898
-875
-854
-890
-864
-826
-878
-994
-1059
-1048
-995
-928
-819
-525
-310
-240
-162
-92
-111
-45
62
152
231
241
-37
-235
-240
-231
-197
-138
-179
-21
64
121
201
255
295
335
386
321
369
381
343
375
388
480
640
600
645
646
530
445
476
444
466
452
367
313
298
272
244
246
267
277
295
277
239
188
208
198
236
221
176
228
276
248
242
311
335
387
435
430
475
482
505
513
450
472
456
415
426
416
384
416
440
389
332
261
193
185
221
269
348
419
445
474
430
441
450
439
494
490
462
467
440
430
405
357
264
257
237
205
290
302
266
265
287
346
313
208
93
73
85
103
200
239
213
229
218
247
266
148
119
90
51
-4
73
51
-29
-71
-141
-211
-237
-279
-314
-390
-473
-540
-580
-561
-597
-653
-607
-622
-605
-585
-574
-527
-483
-485
-477
-476
-467
-490
-440
-410
-464
-411
-374
-392
-339
-212
-227
-199
-28
-4
1
80
49
60
59
83
55
83
91
65
52
40
83
63
6
-66
-157
-212
-272
-268
-252
-165
-109
-54
-47
-87
-89
-67
-30
44
94
56
37
-13
-40
28
54
50
52
-14
9
49
46
86
87
107
135
155
178
171
144
149
158
218
207
213
212
200
227
205
217
213
266
307
256
295
402
463
516
540
440
250
114
29
-117
-87
-2
77
187
238
225
346
362
334
362
386
262
270
287
341
321
440
524
519
517
501
450
396
379
215
131
54
-57
-89
-163
-153
-39
-12
-52
45
52
67
79
26
-38
5
30
6
-17
30
35
58
61
17
49
2
-39
-58
-93
-91
-88
-91
-175
-259
-320
-342
-329
-360
-464
-488
-489
-432
-350
-394
-539
-617
-599
-661
-666
-665
-756
-753
-791
-878
-803
-723
-692
-580
-539
-524
-481
-406
-422
-509
-528
-588
-614
-570
-442
-409
-428
-463
-521
-570
-511
-376
-145
77
360
479
496
366
221
112
82
69
73
49
72
44
60
133
155
215
268
364
427
469
498
423
316
256
240
170
87
49
-4
-29
-7
33
78
8
5
67
89
100
121
101
81
119
77
90
97
43
-42
-35
-65
-86
-162
-270
-309
-373
-429
-462
-421
-381
-303
-308
-255
-243
-249
-263
-325
-370
-292
-251
-204
-150
-129
-98
-79
-44
-64
-46
-105
-118
-146
-177
-200
-200
-226
-196
-208
-194
-173
-206
-248
-284
-311
-321
-265
-222
-174
-106
-48
-18
-8
3
-13
-20
-14
-7
60
129
221
293
339
395
434
463
467
398
333
302
319
358
357
321
224
134
-6
-37
50
113
172
286
346
347
362
360
357
329
313
313
262
254
276
261
189
164
113
111
141
92
82
81
69
65
39
-23
-50
-77
-128
-158
-99
-161
-172
-183
-216
-197
-221
-261
-243
-271
-315
-391
-424
-398
-428
-421
-434
-472
-470
-436
-471
-462
-465
-453
-372
-344
-347
-305
-295
-310
-209
-115
-44
-59
-105
-136
-172
-113
-65
-35
-66
-68
-135
-116
-89
-76
-118
-172
-150
-148
-88
-50
-83
-89
-118
-190
-212
-243
-292
-294
-270
-281
-271
-269
-276
-281
-249
-201
-171
-182
-172
-161
-93
-81
-63
-50
-76
-66
-121
-130
-160
-153
-128
-106
-112
-75
-26
-43
-52
-89
-145
-110
-54
-32
-19
33
39
37
59
44
35
49
83
84
92
97
125
178
153
176
170
120
162
123
50
4
-118
-144
-180
-175
-112
-134
-193
-195
-196
-223
-158
-180
-225
-203
-159
-180
-140
-163
-203
-274
-275
-249
-265
-275
-289
-289
-293
-253
-243
-191
-162
-125
-113
-107
-54
-30
14
-25
-42
-73
-61
-44
-79
-84
-57
-89
-4
33
57
35
103
66
28
45
50
79
94
46
-19
-13
-19
125
105
1
-65
-220
-276
-296
-421
-420
-387
-364
-283
-214
-265
-301
-351
-398
-419
-403
-401
-251
-118
-108
-17
-15
-42
33
20
-34
70
144
224
240
305
267
339
343
324
317
302
276
275
216
299
335
347
404
389
294
326
320
355
411
459
465
491
402
413
470
439
443
458
410
390
349
364
389
462
547
638
672
677
589
528
548
565
626
644
616
585
528
471
439
438
455
463
507
625
642
632
653
559
568
544
457
480
491
504
605
641
612
699
669
610
624
630
494
470
452
387
374
352
262
341
395
324
278
243
174
92
67
30
76
52
-71
-40
-38
-100
-89
-83
-123
-115
-109
-105
-54
-73
-114
-94
-60
-28
-38
-39
-53
-56
-70
-64
-64
-50
-57
-95
-57
-15
20
10
49
40
36
20
29
0
8
26
41
83
96
162
146
184
180
110
33
24
-13
-81
-96
-122
-189
-200
-225
-244
-213
-229
-221
-188
-186
-211
-185
-204
-203
-194
-275
-288
-292
-351
-354
-322
-305
-276
-297
-303
-299
-339
-367
-392
-399
-391
-395
-439
-463
-417
-410
-411
-417
-444
-426
-335
-356
-340
-306
-411
-439
-476
-536
-534
-533
-589
-612
-595
-603
-594
-523
-511
-511
-435
-431
-428
-401
-407
-435
-392
-405
-394
-400
-397
-377
-344
-341
-296
-294
-267
-278
-283
-256
-253
-223
-217
-209
-149
-105
-70
-50
-17
26
69
87
95
-2
-15
-26
-139
-152
-108
-135
-123
-54
-11
98
41
60
35
46
26
88
125
97
83
39
85
49
93
215
179
177
203
298
265
230
192
175
153
130
169
194
180
145
158
139
55
34
-2
-8
9
21
42
102
129
114
104
62
53
162
167
228
229
196
97
33
-37
-98
-50
-119
-180
-125
-82
-72
-47
-59
-168
-164
-157
-227
-195
-147
-158
-196
-241
-252
-252
-238
-262
-252
-352
-383
-467
-460
-518
-584
-463
-230
-218
-216
-221
-244
-26
33
42
146
121
136
236
288
342
309
258
155
225
374
364
238
287
289
277
426
517
512
584
592
519
541
539
496
541
622
567
644
661
651
712
790
633
516
494
493
478
517
442
413
455
429
399
398
324
261
289
310
338
359
353
316
315
321
307
249
176
162
172
180
158
148
145
150
153
166
161
230
269
315
326
307
271
267
224
164
151
134
133
142
128
125
101
64
37
34
33
16
13
5
18
0
-27
-58
-35
3
10
37
36
32
60
51
72
61
31
-12
-29
-48
-37
-50
-33
-39
-13
-16
-2
-33
-35
-47
-56
-47
-15
-46
-36
-18
9
51
110
167
214
215
214
195
159
92
-9
-51
-124
-186
-179
-214
-210
-185
-199
-236
-243
-311
-381
-418
-503
-566
-538
-471
-461
-403
-358
-314
-231
-201
-234
-215
-272
-420
-328
-326
-301
-211
-180
-158
-79
-83
-90
-32
-48
-67
-77
-124
-200
-191
-190
-270
-301
-381
-356
-345
-304
-266
-255
-246
-252
-264
-242
-269
-279
-271
-320
-347
-347
-349
-304
-174
-142
-76
62
146
169
181
192
194
215
139
158
244
332
303
287
366
334
305
280
254
244
325
307
273
218
140
92
199
204
199
164
114
124
180
126
267
257
316
408
394
369
371
356
428
350
290
264
244
171
248
355
471
365
184
129
110
131
178
211
280
303
421
323
294
318
276
239
208
235
227
170
233
216
177
192
173
167
118
173
249
209
309
305
279
358
285
289
202
97
5
-133
-212
-251
-271
-254
-277
-247
-214
-233
-202
-234
-263
-170
-224
-359
-393
-272
-265
-239
-184
-201
-230
-237
-274
-319
-320
-357
-344
-227
-293
-352
-297
-258
-269
-185
-178
-72
-15
-93
-117
-104
-147
-123
-146
-184
-130
-157
-168
-141
-131
-129
-158
-209
-214
-213
-212
-199
-152
-172
-168
-229
-232
-232
-206
-177
-222
-211
-189
-232
-266
-291
-297
-340
-298
-253
-239
-216
-172
-196
-161
-180
-240
-255
-251
-282
-203
-168
-165
-146
-105
-137
-111
-87
-87
-35
-95
-111
-163
-203
-235
-229
-303
-379
-444
-478
-596
-661
-671
-764
-767
-754
-774
-755
-685
-665
-603
-597
-589
-526
-456
-395
-304
-203
-238
-166
-106
-124
-51
28
99
81
109
80
30
-52
-69
-79
-55
5
-13
-43
-107
-150
-171
-186
19
99
239
436
398
447
391
292
293
295
301
250
239
266
230
203
50
100
94
57
46
-52
-50
-38
0
50
144
103
-17
57
101
-2
-14
-53
-119
-134
-74
-101
-68
51
44
3
-50
-40
31
17
-18
-35
33
-43
-7
68
118
171
280
300
282
284
305
188
152
156
174
215
266
294
332
363
383
414
464
520
597
617
455
413
451
347
342
384
377
364
321
311
356
320
244
255
139
2
193
150
151
254
305
382
403
381
397
446
291
217
106
-251
-81
27
67
122
84
-185
-256
-198
-206
-67
-13
-100
-100
-168
-301
-265
-290
-333
-348
-284
-257
-135
-48
-110
-79
-137
-134
-135
-163
-177
-115
-147
-134
-96
-160
-150
-117
-217
-197
-153
-178
-110
-95
-53
-2
-45
-90
-87
-157
-305
-332
-484
-516
-506
-483
-419
-371
-288
-196
-133
-119
-65
-94
-120
-88
-111
-166
-128
-75
-84
-53
-62
-79
-122
-182
-165
-119
-100
-127
-123
-91
-71
-91
-108
-106
-77
-20
45
104
130
131
215
323
476
222
217
232
236
325
286
271
281
222
237
213
170
171
121
110
169
216
258
204
237
200
274
290
348
270
275
188
160
174
176
124
203
202
163
269
262
234
225
307
388
339
372
326
259
209
233
203
336
395
470
492
542
431
312
239
183
255
197
208
139
147
115
78
65
49
124
97
125
217
192
274
247
266
228
129
7
10
-26
-40
-3
31
-4
-8
-101
-121
-167
-220
-215
-178
-223
-259
-322
-371
-415
-401
-494
-535
-638
-732
-694
-574
-504
-343
-238
-253
-183
-118
-109
-68
-84
-170
-101
-62
-56
-104
-209
-249
-289
-293
-273
-179
-103
-81
-83
-97
-74
-44
-28
41
90
93
173
151
164
168
93
96
90
71
61
74
65
81
126
131
116
140
161
127
105
100
161
195
233
250
276
245
235
245
308
332
363
423
432
398
389
251
160
141
53
-12
-57
-117
-99
-33
-29
-7
58
37
88
156
139
84
80
75
13
-2
-19
-22
-1
-9
31
35
-17
20
3
23
42
-15
20
-11
-59
-66
-130
-124
-106
-128
-193
-191
-157
-161
-158
-157
-165
-144
-176
-196
-215
-162
-211
-204
-228
-301
-259
-239
-188
-162
-43
9
11
-24
-78
-100
-150
-233
-245
-164
-204
-159
-138
-130
-130
-108
-103
-119
-67
25
47
-252
53
-40
-117
-154
-186
-217
-279
-377
-304
-164
-174
-217
-200
-200
-240
-307
-364
-326
-321
-265
-202
-175
-164
-161
-104
-61
-89
-56
-51
-59
9
40
152
216
247
286
375
457
540
656
654
522
479
405
412
371
321
259
275
163
131
167
89
20
-76
-101
-72
-22
-40
-67
-115
-141
-82
-115
-65
76
26
16
102
123
152
194
213
225
227
212
207
215
220
170
230
265
284
351
315
299
251
236
182
188
214
183
173
177
167
147
195
146
113
102
51
80
20
96
158
129
125
166
90
58
16
0
-2
46
97
149
124
39
2
33
-32
-7
-50
-65
-41
-29
-76
-81
57
119
198
195
156
162
132
104
93
23
33
73
64
89
74
141
149
117
75
117
142
139
125
100
121
145
129
89
120
131
108
110
106
53
80
84
65
52
92
160
138
132
136
157
172
204
195
195
178
166
145
62
38
17
-80
-124
-160
-134
-116
-150
-160
-181
-185
-205
-198
-218
-216
-212
-192
-175
-137
-144
-99
-114
-130
-120
-148
-182
-185
-183
-223
-212
-199
-144
-92
-78
-63
-21
-35
-17
29
43
54
51
14
-22
-110
-189
-229
-217
-232
-219
-195
-150
-173
-181
-142
-82
-15
19
75
72
-8
36
-8
-109
-104
-115
-66
-95
-144
-161
-154
-93
-11
36
93
99
148
173
180
183
189
198
137
114
77
136
102
91
-10
-93
-176
-196
-244
-210
-221
-222
-215
-172
-155
-153
-120
-51
-46
46
37
20
-42
-54
-58
6
49
91
82
92
98
120
96
68
100
134
118
82
30
-20
6
6
13
-13
0
-221
-13
-82
-122
-144
-110
-67
-74
-51
-27
5
-40
70
77
108
119
90
121
169
159
194
200
205
217
261
267
240
240
228
177
144
100
162
125
147
139
108
56
46
68
34
12
-43
-50
-81
-124
-158
-240
-207
-130
-36
11
10
-61
-109
-88
-159
-195
-197
-197
-82
-9
116
180
157
198
183
150
96
47
-30
-49
-86
-96
-81
19
2
25
-1
48
87
112
149
185
119
71
33
-15
-53
-86
-107
-75
-94
-103
-211
-190
-185
-179
-127
-82
-98
-157
-177
-207
-250
-237
-270
-308
-312
-281
-264
-272
-259
-271
-271
-245
-220
-237
-191
-198
-174
-202
-234
-246
-215
-214
-214
-192
-224
-156
-154
-122
-94
-166
-197
-210
-290
-318
-394
-376
-336
-292
-247
-250
-261
-155
-199
-247
-292
-305
-311
-260
-219
-230
-220
-197
-218
-240
-268
-311
-323
-284
-188
-155
-28
-63
-85
-89
-44
-17
-49
11
32
33
56
63
71
15
89
98
2
-39
5
-5
-40
15
-10
-28
65
125
123
173
152
103
134
98
50
48
119
75
121
142
182
128
134
103
101
92
82
21
2
78
123
118
140
110
125
34
95
9
25
44
73
-34
24
-3
-30
-45
-139
-146
-106
-161
-118
-192
-247
-338
-286
-278
-234
-226
-149
-55
-36
-103
-110
-95
-89
-109
-122
-123
-68
-62
-18
61
81
160
147
120
30
-37
-70
9
-3
-3
-27
-59
-138
-175
-110
-48
30
0
40
66
20
-44
48
20
-6
-95
-146
-394
-448
-469
-463
-455
-349
-372
-238
-168
-181
-10
92
158
201
228
188
172
170
170
105
7
-57
-114
-142
-154
-98
-80
-45
-7
-30
-34
-7
9
-5
45
-30
28
87
15
-69
-66
-64
-50
-48
-80
-105
-17
67
5
-33
102
122
223
345
393
412
254
174
70
20
-99
-73
-33
-51
69
108
-10
-35
-41
-48
-39
74
33
26
87
131
303
251
304
286
169
102
53
11
-31
-23
31
46
80
12
20
125
170
158
227
197
235
310
277
321
342
337
409
474
397
402
477
433
437
456
465
432
541
518
414
433
380
415
472
557
675
633
684
661
514
464
377
320
498
613
615
498
353
230
129
185
220
277
395
251
247
233
254
309
309
314
268
294
285
283
342
363
320
278
288
322
277
312
315
374
408
366
395
339
291
194
173
157
113
94
30
12
34
20
-42
-127
-214
-235
-269
-266
-104
16
50
73
42
-51
1
-26
-76
-58
-37
-16
-24
-6
-48
3
-54
-127
-151
-86
-45
28
97
50
81
207
284
188
117
41
18
64
181
112
120
125
84
-31
-135
-214
-255
-261
-436
-421
-237
-249
-358
-245
-235
-303
-280
-264
-333
-459
-619
-524
-438
-449
-406
-356
-396
-472
-471
-414
-490
-493
-587
-606
-565
-664
-791
-739
-614
-583
-412
-354
-348
-290
-265
-275
-158
-149
-131
-82
-27
-8
-9
-63
-61
-97
-125
-196
-222
-233
-242
-190
-187
-126
-96
19
112
175
169
193
196
182
222
306
294
256
251
231
215
193
226
170
111
109
106
71
26
33
143
100
38
60
73
98
103
10
-5
3
4
-57
5
-12
13
22
72
108
135
191
131
157
183
211
194
222
258
225
168
113
159
79
83
110
53
66
63
-13
-48
-116
-160
-161
-195
-195
-188
-152
-105
-66
-39
14
87
73
126
185
169
222
233
268
297
283
236
243
235
192
182
156
99
52
77
9
-4
53
10
-19
-62
30
26
17
28
51
52
124
102
127
121
102
88
98
127
70
116
106
196
256
312
303
285
268
228
188
237
233
317
265
227
191
190
70
74
41
77
17
151
181
239
192
174
139
130
130
163
184
150
187
212
198
198
160
231
175
205
178
106
144
140
157
181
186
95
76
65
44
26
55
46
30
40
-6
17
79
27
24
26
41
-40
-38
-76
-101
-83
-62
-158
-126
-91
-119
-100
-89
-119
-129
-53
-36
42
82
111
102
133
104
57
103
76
105
63
101
143
142
114
131
134
132
62
33
-19
-28
-7
-102
-144
-95
-158
-213
-226
-279
-337
-363
-427
-424
-392
-379
-414
-410
-403
-371
-358
-329
-347
-405
-445
-466
-465
-312
-234
-223
-210
-185
-199
-223
-346
-424
-402
-339
-219
82
198
262
333
339
363
368
295
168
169
92
-13
-31
-9
-60
-22
-49
-79
-34
-101
-255
-309
-396
-539
-591
-469
-381
-335
-345
-344
-371
-336
-252
-178
-181
-241
-384
-483
-571
-729
-780
-675
-617
-469
-360
-353
-339
-309
-280
-292
-293
-317
-307
-289
-329
-321
-334
-412
-435
-398
-389
-364
-315
-272
-248
-206
-169
-65
-18
8
100
135
190
290
302
356
403
311
335
397
365
213
161
160
84
109
128
113
66
20
-47
-52
-112
-83
-113
-187
-234
-219
-253
-234
-256
-271
-177
-185
0
306
312
11
105
239
144
201
196
127
206
239
226
218
253
279
366
337
360
380
355
325
347
342
356
403
179
85
73
-88
-160
88
128
1
157
167
110
198
182
110
202
145
114
120
35
-13
95
112
168
309
275
174
249
203
160
149
165
240
261
238
269
317
297
212
189
156
98
-13
-82
-121
-119
-148
-136
-112
-55
9
28
193
256
295
221
216
212
172
262
401
445
390
455
472
480
463
368
305
218
12
-47
8
-12
-37
-25
-36
-53
23
2
22
36
162
107
78
63
37
49
-66
-72
-33
-38
-92
-102
-155
-222
-196
-219
-235
-224
-223
-224
-208
-244
-208
-217
-240
-237
-214
-144
-64
-85
32
35
72
129
88
70
89
136
80
58
88
41
67
50
59
70
142
116
58
50
11
-15
-38
-17
25
46
39
6
-75
-197
-254
-262
-257
-226
-221
-210
-212
-190
-170
-111
-101
-68
26
20
91
132
154
163
193
179
168
226
202
232
257
276
210
256
229
203
195
202
215
214
214
200
237
182
170
112
128
133
104
79
102
73
53
30
16
40
50
88
103
81
102
3
-46
-93
-30
-11
-17
-68
-92
-149
-126
-122
-25
60
26
89
30
-62
-18
-58
-94
-80
-66
-110
-124
-140
-244
-216
-208
-221
-238
-227
-233
-254
-223
-247
-291
-317
-318
-254
-211
-221
-226
-201
-209
-268
-293
-315
-299
-267
-327
-335
-309
-317
-259
-287
-305
-305
-348
-379
-415
-412
-374
-307
-245
-225
-204
-171
-157
-114
-127
-198
-245
-291
-308
-296
-295
-337
-279
-309
-305
-251
-262
-224
-196
-151
-114
-87
-83
-11
-27
4
9
34
82
60
45
46
87
111
81
109
119
141
112
58
100
87
166
188
182
180
152
157
157
156
110
59
73
29
66
110
80
130
98
137
184
219
192
198
172
229
210
184
146
156
140
212
190
153
158
126
158
131
107
74
103
101
17
44
68
103
46
100
107
127
81
128
45
29
51
51
-1
-9
-104
-131
-199
-188
-252
-237
-294
-366
-405
-420
-451
-441
-465
-471
-472
-461
-479
-502
-473
-436
-459
-406
-368
-378
-322
-348
-352
-374
-461
-468
-428
-467
-436
-367
-346
-331
-371
-420
-339
-385
-404
-402
-364
-385
-321
-379
-354
-286
-255
-274
-230
-247
-178
-133
-167
-62
-48
-81
-33
6
16
21
98
90
174
143
160
225
301
278
356
371
406
312
319
347
386
344
395
420
432
433
458
481
467
571
561
569
544
605
660
693
710
755
736
698
701
730
713
711
693
702
681
654
704
690
660
683
669
615
664
683
677
722
738
717
726
736
646
647
664
638
617
594
652
643
636
643
618
610
627
672
626
644
665
688
629
624
624
612
586
556
525
511
513
493
413
431
418
420
359
338
412
361
349
318
297
267
261
243
220
171
168
159
93
115
105
102
79
85
22
22
3
7
-7
-31
-28
-3
26
113
167
200
254
193
145
139
175
135
162
105
94
109
102
105
171
162
197
250
326
350
333
335
311
346
287
251
284
238
227
266
230
207
252
217
237
243
270
267
246
171
163
200
197
160
181
100
154
60
180
107
254
275
272
238
299
302
318
301
309
251
274
267
204
312
277
296
337
181
164
191
154
183
278
346
329
335
294
262
225
217
276
358
296
268
286
206
246
290
263
265
265
269
262
339
302
280
254
216
285
265
242
176
129
37
-19
-29
-41
-21
-47
-164
-283
-471
-536
-632
-746
-811
-871
-1013
-1000
-1048
-1052
-1044
-1010
-925
-896
-886
-800
-790
-730
-705
-727
-816
-669
-617
-668
-498
-495
-423
-378
-298
-181
-160
-111
-1
75
100
176
229
228
227
203
232
238
226
299
288
244
282
314
287
291
276
290
290
361
313
343
376
341
365
308
349
309
234
228
177
164
161
190
123
127
134
67
62
54
-20
27
28
4
-24
-57
-40
-89
-102
-122
-143
-165
-171
-197
-234
-251
-238
-240
-235
-236
-210
-230
-203
-218
-224
-241
-230
-241
-279
-280
-307
-367
-400
-440
-423
-443
-424
-439
-401
-403
-399
-381
-356
-335
-327
-335
-334
-305
-299
-241
-269
-261
-253
-267
-220
-184
-218
-200
-174
-164
-180
-171
-214
-243
-336
-332
-316
-355
-361
-345
-320
-330
-369
-377
-333
-361
-355
-343
-375
-393
-403
-359
-406
-418
-432
-421
-406
-385
-421
-431
-474
-465
-427
-436
-446
-404
-377
-420
-400
-422
-470
-469
-504
-462
-444
-462
-443
-410
-356
-351
-350
-364
-427
-416
-393
-414
-408
-378
-329
-327
-312
-314
-321
-272
-257
-232
-236
-242
-249
-205
-211
-254
-207
-197
-201
-160
-145
-215
-193
-177
-230
-201
-155
-188
-228
-348
-381
-434
-301
-283
-301
-207
-264
-348
-333
-209
-216
-189
-195
-230
-110
-66
-45
-47
-7
-117
-184
-145
-219
-152
-63
-49
-120
-187
-171
-116
-244
-318
-260
-208
-181
-74
-73
-81
-102
-34
-148
-138
-211
-204
-312
-275
-322
-464
-274
-463
-500
-567
-520
-598
-671
-580
-554
-594
-596
-580
-741
-761
-672
-710
-705
-693
-722
-738
-692
-676
-723
-693
-663
-629
-642
-701
-675
-634
-603
-483
-475
-321
-213
-183
-228
-177
-71
-51
-60
134
208
310
313
356
419
434
584
582
787
749
704
763
860
842
906
1031
1091
1159
1088
1193
1287
1292
1249
1296
1334
1273
1138
1114
1029
885
885
909
875
879
803
838
851
862
804
829
823
797
778
713
785
667
631
576
577
483
462
420
365
405
287
293
312
305
266
223
213
191
189
182
213
259
222
140
162
139
124
126
73
36
47
62
113
115
120
124
78
133
151
134
127
167
161
205
204
224
237
232
241
256
270
284
280
303
324
328
315
298
283
280
254
239
227
230
209
210
219
192
160
148
86
42
39
-30
-23
-47
-101
-114
-139
-207
-245
-279
-339
-330
-326
-372
-362
-312
-343
-338
-345
-397
-416
-436
-479
-587
-628
-594
-631
-638
-702
-613
-616
-617
-632
-648
-611
-626
-677
-706
-676
-706
-761
-724
-712
-695
-682
-650
-640
-608
-625
-650
-710
-602
-700
-702
-687
-582
-560
-521
-458
-437
-377
-349
-311
-241
-197
-120
-58
-78
-79
-107
-44
-49
10
-20
17
3
-9
27
81
59
22
85
92
93
5
81
13
64
29
23
38
81
-16
-26
-59
-50
-122
-178
-155
-181
-193
-193
-180
-169
-186
-240
-214
-213
-203
-266
-288
-320
-333
-301
-311
-276
-287
-275
-306
-302
-319
-294
-308
-319
-269
-301
-292
-278
-236
-242
-218
-211
-177
-146
-103
-120
-82
-34
24
21
15
55
53
40
67
64
84
135
178
233
243
334
425
442
511
512
461
483
462
514
495
545
587
622
600
628
699
717
669
686
646
666
664
666
615
637
602
559
631
550
605
546
581
537
481
479
424
365
362
413
400
443
465
483
438
463
480
376
372
274
193
150
184
164
144
169
133
107
144
129
87
126
138
81
51
84
47
33
31
3
2
34
-5
-25
-14
-33
-55
-69
-51
-69
-102
-90
-154
-128
-96
-78
-104
-82
-85
-114
-132
-115
-101
-98
-126
-89
-82
-123
-130
-155
-189
-211
-227
-260
-281
-304
-298
-290
-296
-304
-277
-311
-301
-305
-332
-346
-369
-359
-357
-350
-347
-361
-379
-340
-386
-380
-403
-411
-425
-460
-410
-404
-415
-412
-423
-410
-416
-398
-391
-392
-361
-362
-373
-364
-364
-390
-366
-375
-335
-357
-325
-340
-327
-332
-304
-326
-326
-298
-292
-271
-233
-241
-227
-216
-191
-170
-173
-134
-90
-61
-60
33
36
64
137
160
177
184
154
195
208
331
417
448
449
456
446
404
431
360
339
347
337
264
222
200
237
300
318
393
435
413
444
462
537
577
535
550
565
630
609
583
543
533
671
632
659
660
642
589
676
651
611
570
514
469
476
447
455
463
493
492
467
506
475
415
428
358
317
294
180
223
175
173
166
200
148
141
122
112
40
59
68
20
61
31
20
27
55
97
104
94
69
67
62
56
10
36
32
51
61
77
59
64
42
10
-24
-6
-15
-106
-146
-141
-186
-171
-156
-163
-181
-194
-206
-231
-219
-207
-189
-236
-184
-178
-205
-183
-165
-150
-128
-87
-96
-121
-150
-151
-133
-156
-184
-185
-154
-172
-174
-160
-222
-217
-272
-377
-409
-427
-415
-378
-362
-321
-350
-346
-401
-371
-392
-427
-410
-431
-423
-400
-416
-392
-401
-388
-369
-383
-391
-384
-381
-358
-346
-343
-361
-344
-359
-370
-390
-416
-402
-358
-342
-275
-302
-292
-209
-166
-127
-125
-86
-68
-34
12
50
92
107
83
110
139
159
136
183
206
222
236
249
219
250
271
232
208
196
201
205
162
177
185
163
158
199
218
183
148
169
193
183
171
162
204
215
191
147
154
158
154
153
99
85
104
81
107
80
124
125
118
106
104
85
95
162
116
123
139
155
160
208
219
202
192
157
178
192
155
193
159
138
178
175
166
192
164
192
148
219
257
218
249
267
234
216
192
165
178
177
173
172
190
135
64
58
78
59
-28
-132
-179
-184
-127
-148
-99
-95
-121
-167
-162
-210
-216
-237
-249
-301
-339
-378
-374
-452
-448
-396
-387
-377
-428
-428
-463
-422
-426
-424
-416
-337
-308
-303
-268
-255
-235
-254
-250
-288
-226
-189
-177
-156
-146
-129
-113
-141
-132
-138
-178
-124
-138
-154
-154
-128
-146
-148
-101
-127
-86
-57
-81
-57
-36
-58
-8
-1
23
58
69
0
100
94
116
199
166
199
235
280
305
277
281
285
283
187
168
177
121
119
148
150
126
177
163
148
128
129
121
153
102
192
212
184
192
193
190
162
210
222
247
263
312
339
303
242
217
220
220
240
288
298
299
314
236
193
180
79
51
0
-33
-95
-90
-148
-241
-298
-342
-345
-363
-390
-407
-352
-420
-422
-436
-398
-324
-286
-296
-273
-197
-249
-243
-243
-260
-227
-227
-251
-216
-215
-169
-164
-226
-209
-215
-200
-250
-276
-262
-174
-178
-172
-193
-240
-279
-315
-295
-226
-196
-208
-129
-139
-121
-116
-135
-103
-61
-29
-49
-18
-16
26
68
46
-14
22
34
63
89
80
149
153
206
226
191
186
168
259
182
207
195
249
283
351
357
436
404
454
526
531
613
576
665
908
945
941
990
944
866
914
976
938
1018
933
968
729
663
618
696
614
634
638
612
662
634
681
655
592
582
532
476
494
504
385
348
226
226
228
152
113
211
212
235
250
314
248
230
204
168
118
130
202
233
222
259
330
342
309
218
216
258
272
222
262
249
249
225
244
215
209
209
133
173
101
85
21
50
81
58
50
26
-54
-61
-103
-170
-111
-151
-223
-251
-288
-301
-198
-216
-242
-255
-259
-312
-304
-336
-363
-415
-496
-536
-539
-589
-617
-664
-666
-626
-551
-503
-489
-474
-456
-447
-456
-453
-501
-495
-456
-500
-469
-383
-338
-427
-434
-457
-496
-434
-420
-424
-379
-398
-442
-419
-474
-556
-519
-489
-493
-511
-535
-515
-464
-444
-475
-430
-447
-438
-400
-313
-239
-99
-27
31
144
188
207
340
433
478
536
625
541
536
541
476
432
341
299
311
266
249
256
211
182
171
148
144
98
115
126
115
71
45
29
-18
-13
-14
-25
-51
-79
-31
-54
-81
-77
-154
-223
-213
-252
-363
-324
-361
-386
-351
-423
-487
-560
-605
-580
-537
-453
-458
-430
-469
-453
-485
-537
-500
-432
-387
-339
-304
-222
-275
-258
-160
-224
-236
-183
-172
-198
-162
-182
-144
-135
-170
-138
-131
-100
-87
-54
4
36
79
94
150
194
193
158
178
185
188
236
212
266
261
319
301
306
287
308
291
260
241
295
259
307
255
254
157
201
198
254
191
262
240
284
283
244
183
165
171
237
200
236
277
249
260
262
290
329
314
313
253
284
304
247
291
265
259
215
216
125
178
207
217
272
243
250
222
258
239
334
288
236
175
91
141
211
173
172
309
221
290
176
56
-33
-49
-85
19
106
179
219
198
246
334
433
485
514
448
439
369
358
323
250
162
175
93
123
109
242
284
240
231
203
154
226
181
140
157
101
72
127
122
99
116
87
19
-18
-28
-53
-92
-113
-94
-141
-140
-137
-153
-174
-159
-187
-117
-79
-102
-127
-144
-163
-160
-200
-178
-188
-183
-190
-186
-228
-189
-181
-168
-198
-223
-262
-235
-256
-289
-260
-297
-307
-323
-340
-346
-349
-365
-378
-362
-388
-453
-432
-474
-470
-456
-460
-460
-424
-413
-409
-417
-421
-392
-386
-397
-383
-333
-306
-311
-306
-306
-323
-350
-381
-373
-340
-369
-332
-310
-344
-331
-360
-377
-378
-387
-386
-342
-326
-321
-290
-248
-182
-121
-68
-23
-1
29
46
78
94
111
131
153
186
206
244
289
316
309
338
351
336
351
341
328
348
305
286
265
259
505
244
239
238
217
186
210
200
181
194
210
152
146
192
152
145
106
112
135
131
131
75
74
133
80
43
40
24
1
2
-15
3
4
-37
-35
-81
-138
-159
-140
-165
-161
-141
-150
-133
-101
-97
-74
-36
-48
-41
-29
-41
-29
-16
-22
-8
-1
-1
19
13
-4
-14
-34
-57
-67
-65
-59
-46
-40
-42
-23
-19
-16
-21
-32
-39
-60
-82
-92
-100
-113
-84
-83
-66
-48
-48
-33
-21
-25
-5
17
54
74
100
116
153
193
178
161
141
129
101
113
112
116
118
124
123
101
81
57
44
29
12
1
-2
-2
-9
-2
1
-1
2
33
69
59
22
-34
-57
-73
-106
-123
-175
-216
-185
-153
-138
-118
-156
-153
-176
-221
-257
-239
-228
-189
-184
-135
-131
-109
-110
-110
-98
-70
-68
-91
-56
-95
-93
-74
-94
-71
-56
-76
-84
-93
-100
-51
-46
-55
-10
15
12
28
48
60
64
25
22
56
63
27
40
65
37
33
34
46
37
11
-12
-27
-59
-73
-78
-72
-64
-49
-18
5
-8
-35
-47
-74
-76
-40
-24
-24
1
19
8
-16
0
-5
12
5
-15
-25
-39
-43
-26
-1
52
93
102
102
103
56
49
55
38
55
63
53
58
80
51
63
71
67
57
28
33
24
2
-7
-8
-17
-16
-38
-39
-24
-29
-34
-7
-12
-26
-26
4
65
118
133
160
149
81
28
-20
-57
-45
-28
-28
27
24
21
80
39
3
5
-3
-36
11
52
68
90
74
12
-32
-63
-90
-85
-67
-64
-61
-30
16
71
87
72
62
95
98
78
77
65
59
85
85
53
41
59
57
66
55
89
113
157
209
280
294
276
268
191
152
151
128
104
106
95
105
113
108
116
110
86
106
130
155
196
200
197
195
212
244
331
423
438
460
479
492
503
517
534
566
616
608
612
658
675
656
664
640
639
668
718
767
778
803
794
757
668
583
490
403
319
194
111
-1
-12
-1
25
81
106
171
308
317
266
294
255
215
262
242
177
138
103
28
39
136
206
235
302
337
361
385
427
473
485
459
421
383
315
332
386
385
354
318
269
315
328
340
452
450
472
503
466
511
585
650
686
666
637
597
552
510
503
475
463
438
352
375
383
377
465
410
342
410
569
640
667
683
615
535
473
402
329
349
460
494
599
653
609
585
620
674
639
634
585
645
744
688
641
660
551
523
586
538
518
639
638
608
635
533
487
467
429
408
386
300
279
245
205
173
80
33
0
-86
-144
-253
-255
-360
-529
-602
-631
-657
-782
-802
-906
-1052
-1080
-1127
-1075
-994
-935
-985
-943
-934
-918
-848
-781
-783
-654
-564
-461
-405
-277
-205
-150
-159
-237
-176
-120
-182
-145
-88
-78
44
135
129
111
66
-38
-82
-52
-23
60
74
38
-3
19
-27
-33
-2
-26
-19
-1
-101
-172
-248
-382
-416
-485
-600
-506
-378
-341
-314
-344
-365
-347
-315
-213
-159
-135
-99
-58
-72
-48
-91
-172
-185
-137
-114
-83
-92
-115
-103
-70
-51
-14
37
94
103
89
82
42
71
75
55
63
42
-30
-87
-67
-106
-159
-180
-162
-136
-79
-51
-23
-14
-45
-64
-84
-90
-172
-237
-226
-220
-182
-216
-248
-272
-278
-316
-340
-351
-357
-371
-384
-366
-317
-299
-279
-224
-178
-153
-94
-99
-158
-129
-109
-111
-55
-26
-17
13
-17
-20
-35
-65
-26
-23
-40
13
58
81
133
190
204
187
199
212
180
184
153
160
157
115
114
141
9
-34
-26
-65
-83
-77
-57
-30
-38
-86
-61
-58
-42
-34
-77
-84
-52
-47
-28
-14
-23
-20
-36
-60
-53
-31
-14
-12
-2
-19
-30
-15
29
31
-12
-5
-53
-55
-34
-46
-33
-29
-91
-96
-83
-115
-153
-89
-105
-101
-73
-88
-66
-58
-9
-16
-48
-24
-13
-12
5
-1
-29
-23
19
15
54
54
55
43
41
26
21
3
27
19
41
25
-9
-26
-14
-24
51
57
41
68
118
53
-11
7
50
141
144
108
4
-118
-203
-177
-62
-6
15
61
71
19
8
-37
-130
-168
-68
-6
-197
-333
-371
-266
-20
25
-3
23
65
93
114
184
209
245
197
168
188
209
218
195
155
173
190
202
150
116
121
106
91
103
119
116
87
90
15
-82
-94
-19
-50
-91
3
40
-3
71
108
84
64
76
19
-43
-20
-60
-175
-67
0
-108
-130
-51
-99
-288
-260
-172
-220
-203
-127
-107
47
93
-7
-57
28
64
70
88
117
35
47
-20
-69
-55
18
-164
-174
-146
-362
-506
-370
-415
-469
-391
-386
-150
11
93
128
201
97
90
162
54
146
161
78
47
30
57
33
-101
96
170
85
-77
-13
-102
-131
72
135
74
88
177
121
4
35
-248
-390
-218
-141
-34
147
68
260
212
476
361
-17
32
82
-27
-107
-61
-156
-87
-68
68
2
14
48
17
-27
90
24
-21
-83
-105
-213
-235
-263
-327
-253
-254
-218
-83
9
148
197
170
253
136
144
238
98
134
233
406
343
644
733
808
1032
1132
1356
1474
1550
1420
1374
1487
1482
1435
1454
1487
1323
1215
1084
1065
1032
987
863
570
394
346
278
18
-175
-269
-302
-474
-613
-568
-680
-713
-783
-963
-938
-986
-1061
-1123
-1071
-1074
-1019
-899
-828
-704
-508
-402
-369
-216
-125
-66
46
71
118
116
140
69
73
3
-54
-58
-167
-261
-261
-327
-378
-434
-522
-628
-763
-822
-922
-998
-1003
-1015
-1067
-1043
-1099
-1103
-1064
-1041
-1003
-891
-861
-869
-813
-755
-720
-664
-619
-578
-489
-376
-327
-227
-82
-32
24
73
150
184
213
234
244
287
294
287
268
294
310
287
281
262
242
248
256
255
275
288
295
287
260
199
189
168
156
158
117
118
95
57
43
26
14
21
9
17
58
54
82
110
109
97
72
43
22
13
-30
-42
-47
-62
-70
-74
-96
-85
-97
-108
-114
-122
-121
-95
-134
-171
-216
-210
-178
-143
-137
-149
-146
-146
-172
-176
-167
-234
-245
-223
-236
-342
-433
-475
-524
-503
-489
-511
-506
-502
-596
-641
-660
-685
-691
-676
-702
-656
-680
-708
-701
-676
-691
-686
-666
-650
-631
-554
-512
-439
-371
-326
-290
-272
-334
-305
-219
-192
-183
-21
1
22
126
165
159
148
184
274
298
315
364
375
429
427
348
407
410
429
437
444
473
514
472
420
418
384
366
344
295
285
267
214
264
359
347
354
324
213
207
186
122
127
118
100
104
155
133
128
166
157
228
236
151
18
1
-16
156
291
297
245
198
101
-13
-79
-1
60
105
133
110
126
150
102
147
232
182
153
141
54
-45
-15
1
22
47
18
119
161
188
221
205
226
165
129
249
300
312
378
376
367
429
376
356
430
437
457
466
381
288
298
248
289
325
231
159
237
218
200
228
210
226
295
329
331
374
333
329
318
310
380
395
362
354
336
319
345
385
375
395
383
417
460
483
514
483
486
476
487
511
531
533
552
543
531
568
592
593
623
586
514
458
425
390
375
370
380
485
488
494
507
473
413
405
401
405
453
451
465
491
463
472
459
440
453
488
465
472
481
466
464
478
529
575
598
616
614
644
657
663
644
636
642
619
612
580
541
534
495
485
493
501
480
494
475
465
388
353
255
199
159
17
-92
-201
-311
-397
-484
-530
-604
-638
-709
-833
-911
-1017
-1164
-1205
-1208
-1211
-1221
-1229
-1227
-1225
-1197
-1216
-1301
-1238
-1037
-949
-848
-749
-728
-661
-567
-498
-368
-290
-135
34
97
202
289
248
230
214
159
148
197
260
277
273
227
228
300
353
420
485
504
432
386
320
320
376
471
520
569
592
580
569
573
567
569
586
534
495
474
435
435
415
392
331
293
285
249
232
137
100
129
109
40
1
-9
-11
-65
-137
-187
-241
-284
-342
-382
-386
-395
-428
-469
-506
-498
-453
-488
-484
-473
-508
-489
-458
-501
-501
-496
-497
-468
-416
-381
-347
-238
-197
-189
-131
-149
-231
-262
-328
-399
-392
-409
-438
-414
-398
-415
-364
-331
-347
-304
-282
-301
-326
-350
-329
-321
-343
-373
-391
-454
-461
-452
-473
-444
-429
-450
-448
-454
-466
-430
-395
-383
-392
-405
-416
-387
-376
-414
-441
-466
-474
-485
-446
-374
-304
-241
-232
-200
-121
-60
-46
-41
66
129
165
234
290
305
325
353
395
412
447
481
518
588
600
626
612
565
533
508
476
451
461
486
568
592
591
569
559
563
543
523
491
397
368
362
348
342
308
333
321
301
243
139
72
46
25
-14
-75
-117
-136
-126
-173
-233
-251
-272
-270
-282
-288
-309
-324
-307
-361
-387
-419
-439
-458
-417
-411
-458
-480
-521
-564
-562
-593
-597
-620
-702
-694
-702
-726
-741
-779
-777
-719
-647
-632
-601
-535
-475
-366
-268
-201
-91
32
103
167
222
272
373
462
483
551
538
535
600
547
489
496
541
577
628
620
612
625
656
677
628
625
675
637
595
573
533
507
447
405
399
437
388
374
371
336
311
267
261
238
153
62
23
-54
-45
-21
-10
1
4
20
32
38
18
23
43
49
36
34
36
18
6
-12
-18
-35
-66
-38
-11
-1
112
132
125
138
111
114
115
87
131
187
218
228
241
204
162
145
121
123
93
85
104
111
108
100
107
75
90
70
34
2
21
-64
-115
-172
-237
-302
-326
-361
-463
-547
-551
-669
-751
-780
-852
-883
-870
-857
-845
-774
-733
-634
-491
-502
-520
-493
-518
-497
-456
-376
-328
-287
-220
-184
-99
-15
31
46
73
24
-14
-45
-128
-152
-129
-144
-170
-190
-158
-118
-94
-62
-40
-30
-29
-89
-155
-183
-210
-247
-213
-172
-179
-159
-113
-149
-165
-147
-151
-155
-47
-6
49
110
117
150
153
173
269
339
414
414
346
320
340
356
367
420
517
599
634
654
660
603
563
532
500
480
513
553
702
796
813
857
834
755
765
717
563
546
414
322
350
396
484
617
629
617
516
430
381
317
242
222
230
211
210
136
-49
-86
-144
-221
-219
-232
-242
-242
-297
-309
-351
-451
-495
-590
-665
-747
-840
-851
-740
-672
-531
-343
-310
-317
-251
-162
-231
-258
-226
-216
-225
-200
-198
-194
-102
-34
70
109
97
27
-12
-95
-136
-159
-213
-211
-163
-136
-94
-79
-70
-77
-88
-90
-135
-161
-192
-247
-290
-259
-251
-273
-279
-293
-340
-338
-325
-326
-316
-343
-354
-325
-324
-315
-288
-313
-319
-334
-363
-396
-422
-472
-481
-508
-544
-528
-545
-617
-627
-654
-678
-683
-730
-752
-768
-777
-801
-817
-814
-808
-764
-731
-727
-732
-696
-652
-618
-544
-521
-516
-445
9832
10187
965
-6152
-4061
-913
2206
7587
3372
-1605
-184
3084
3208
-305
873
2078
240
212
802
611
394
746
-700
-1216
-377
294
-778
-613
-60
24
-500
-285
5
-271
-431
-257
-120
-306
-335
-262
-232
-313
-274
-245
-339
-302
-254
-318
-338
-304
-327
-323
-281
-267
-276
70
138
135
151
194
202
336
469
342
470
281
337
287
193
119
51
-5
-66
-70
-107
-122
-93
-44
-17
9
79
95
75
95
77
26
-5
-25
-52
-58
-43
-29
-6
19
31
45
52
41
20
7
-4
-19
-27
-21
-18
-8
1
14
22
23
24
16
10
-4
-11
-10
-12
-12
-1
2
12
15
19
14
15
7
0
-1
-3
-4
0
3
8
7
12
10
3
3
-1
4
1
3
5
5
3
4
6
6
2
0
2
-7
-11
3
-2
-5
1
1
5
4
3
2
4
3
-2
-3
-2
3
8
13
10
6
8
9
6
4
1
1
-1
-1
0
4
1
5
11
12
13
10
6
1
4
2
3
8
7
14
14
10
8
9
4
2
3
0
2
1
1
7
8
10
16
10
12
-6
3
3
-1
5
8
4
10
8
9
8
3
1
1
13
66
-5
16
117
175
98
133
171
165
103
62
69
20
-9
-21
-37
-50
-32
-27
-15
-3
3
-10
-206
-15
62
-17
41
-16
110
176
145
145
126
98
54
45
18
5
22
54
54
83
110
115
109
101
92
78
81
76
92
117
83
97
79
161
26
113
-32
-129
85
-110
-89
-17
-127
20
108
-41
53
88
31
18
12
-5
-10
-25
-32
-30
-11
3
9
20
32
36
33
17
7
-5
-8
-16
-18
-12
-2
7
11
20
20
24
7
8
-2
-6
-5
-9
-6
-3
3
6
11
16
12
10
3
-4
0
-4
1
2
6
6
10
11
9
6
4
4
1
3
2
0
3
6
6
7
7
8
2
2
0
0
-1
1
4
1
8
2
6
2
0
-1
2
3
5
6
8
5
7
5
4
3
0
1
-2
1
1
0
1
3
2
8
5
6
4
5
4
2
1
0
3
-1
2
3
2
3
3
4
7
4
3
5
3
1
5
4
1
5
2
3
0
4
5
3
3
8
6
6
8
3
1
-2
-1
0
0
3
5
4
3
6
10
7
6
8
6
0
2
1
1
2
1
3
12
14
4
5
5
-2
-3
-5
-1
0
1
5
10
7
6
6
8
0
1
5
2
1
1
4
4
5
5
5
3
5
0
2
7
5
4
4
4
2
1
3
1
2
0
1
1
2
4
8
5
6
4
6
0
2
-1
1
4
5
0
3
5
3
3
4
4
3
1
3
1
1
3
6
4
6
8
3
6
9
5
5
2
2
0
2
0
4
3
3
5
5
7
4
1
-2
-4
-6
0
0
4
11
12
16
