-24
-24
-24
-23
-23
-23
-23
-23
-23
-24
-23
-24
-24
-24
-24
-24
-24
-24
-24
-24
-24
-23
-24
-23
-23
-23
-23
-23
-24
-24
-24
-24
-24
-24
-24
-24
-24
-23
-24
-23
-24
-24
-24
-23
-24
-24
-24
-24
-24
-23
-24
-24
-24
-23
-25
-23
-24
-23
-24
-24
-24
-23
-24
-24
-23
-23
-24
-23
-24
-23
-24
-24
-24
-24
-24
-24
-24
-24
-24
-24
-23
-24
-23
-23
-23
-24
-24
-24
-24
-24
-24
-24
-24
-24
-24
-24
-23
-24
-24
-24
-25
-24
-24
-24
-24
-23
-24
-24
-24
-24
-24
-24
-24
-24
-24
-24
-23
-24
-23
-24
-24
-24
-24
-24
-24
-24
-24
-24
-24
-24
-24
-24
-24
-24
-24
-24
-24
-24
-24
-24
-24
-23
-23
-24
-23
-23
-23
-23
-24
-24
-24
-24
-23
-24
-24
-23
-23
-23
-24
-23
-24
-24
-24
-24
-24
-24
-24
-24
-23
-22
-16
-7
8
13
-2
-5
-5
-4
-11
-16
-26
-26
-25
-25
-26
-26
-26
-25
-26
-25
-26
-25
-26
-12
-9
34
77
191
277
347
414
426
438
439
421
282
168
-27
-28
-28
-28
-27
-28
-28
-28
-28
-28
-28
-28
-28
-28
-27
-27
-27
-28
-27
-28
-28
-28
-28
-28
-28
-28
-28
-28
-28
-28
-28
-28
-28
-27
-28
-27
-27
-27
-27
-28
-27
-28
-28
-28
-28
-28
-28
-28
-28
-28
-28
-28
-28
-27
-27
-27
-27
-27
-27
-28
-28
-28
-28
-28
-28
-28
-28
-28
-28
-28
-28
-27
-28
-27
-28
-27
-27
-28
-28
-28
-28
-28
-28
-28
-28
-28
-28
-28
-28
-27
-28
-27
-28
-27
-28
-27
-28
-28
-28
-28
-28
-28
-28
-28
-28
-28
-28
-27
-28
-27
-28
-27
-28
-28
-28
-28
-28
-28
-28
-28
-28
-28
-28
-28
-27
-27
-27
-27
-28
-27
-28
-28
-28
-28
-28
-28
-28
-28
-28
-28
-28
-28
-28
-27
-27
-27
-27
-27
-28
-27
-28
-28
-28
-28
-28
-28
-28
-28
-27
-28
-28
-28
-27
-28
-27
-27
-27
-27
-28
-27
-28
-28
-28
-28
-28
-28
-28
-28
-27
-28
-27
-28
-27
-28
-28
-28
-28
-28
-28
-28
-28
-28
-28
-27
-27
-28
-27
-28
-27
-28
-28
-28
-28
-28
-28
-28
-28
-28
-28
-28
-28
-28
-27
-27
-27
-27
-27
-28
-28
-28
-28
-28
-27
-28
-28
-28
-28
-28
-28
-27
-28
-27
-27
-27
-27
-27
-28
-28
-28
-28
-27
-28
-28
-28
-28
-27
-28
-28
-28
-28
-28
-27
-28
-27
-27
-27
-27
-27
-27
-28
-28
-28
-28
-28
-27
-28
-28
-28
-28
-28
-28
-28
-28
-28
-28
-28
-27
-27
-27
-28
-27
-28
-28
-28
-28
-28
-28
-28
-28
-28
-28
-27
-28
-27
-28
-27
-27
-28
-28
-28
-28
-28
-28
-28
-28
-28
-28
-28
-28
-28
-28
-27
-28
-27
-28
-28
-27
-28
-27
-28
-28
-28
-28
-28
-28
-28
-27
-27
-28
-28
-28
-27
-28
-27
-28
-27
-28
-27
-28
-28
-28
-28
-28
-28
-28
-27
-28
-27
-28
-27
-28
-27
-28
-28
-28
-28
-28
-28
-28
-28
-28
-28
-28
-28
-27
-27
-27
-28
-28
-28
-28
-28
-28
-28
-28
-28
-28
-28
-27
-28
-28
-28
-28
-28
-27
-27
-27
-27
-27
-27
-28
-27
-28
-28
-28
-28
-28
-28
-28
-28
-28
-28
-27
-28
-27
-27
-27
-28
-27
-28
-28
-28
-28
-28
-28
-28
-28
-28
-28
-28
-27
-28
-27
-28
-27
-28
-28
-28
-28
-28
-28
-28
-28
-28
-28
-27
-27
-28
-28
-28
-27
-28
-27
-28
-28
-28
-28
-28
-28
-28
-28
-28
-28
-28
-28
-27
-27
-27
-27
-28
-27
-28
-28
-28
-27
-28
-28
-28
-28
-28
-28
-28
-28
-28
-28
-28
-28
-27
-27
-28
-27
-28
-27
-28
-27
-28
-28
-28
-28
-28
-28
-28
-28
-28
-28
-27
-27
-27
-27
-27
-27
-28
-27
-28
-28
-28
-28
-28
-28
-28
-28
-28
-28
-28
-28
-27
-27
-27
-27
-27
-27
-28
-28
-28
-28
-28
-28
-28
-28
-28
-28
-28
-28
-27
-28
-27
-28
-27
-27
-27
-27
-28
-28
-28
-28
-28
-28
-28
-28
-28
-28
-27
-28
-27
-28
-27
-28
-27
-27
-27
-28
-28
-28
-28
-28
-28
-28
-28
-28
-28
-28
-27
-28
-27
-28
-27
-28
-27
-28
-28
-28
-28
-28
-28
-28
-28
-28
-28
-27
-27
-28
-27
-28
-27
-28
-27
-28
-28
-28
-28
-28
-28
-28
-28
-28
-28
-27
-27
-27
-27
-28
-27
-28
-27
-28
-28
-28
-28
-28
-28
-28
-28
-28
-28
-27
-28
-28
-27
-27
-27
-27
-27
-28
-27
-28
-28
-28
-28
-28
-28
-28
-28
-28
-28
-28
-28
-27
-27
-27
-27
-27
-27
-28
-28
-28
-28
-28
-28
-28
-28
-28
-28
-28
-28
-27
-28
-27
-28
-27
-27
-27
-27
-28
-28
-28
-28
-28
-28
-28
-28
-28
-28
-27
-28
-27
-28
-27
-28
-27
-27
-27
-28
-28
-28
-28
-28
-28
-28
-28
-28
-28
-28
-28
-28
-27
-28
-27
-28
-27
-28
-28
-28
-28
-28
-28
-28
-28
-28
-28
-28
-28
-28
-28
-28
-27
-28
-27
-28
-27
-28
-28
-28
-28
-28
-28
-28
-28
-28
-28
-28
-28
-28
-27
-28
-27
-28
-27
-28
-27
-28
-28
-28
-28
-28
-28
-28
-28
-28
-28
-28
-28
-27
-27
-28
-27
-28
-27
-28
-27
-28
-28
-28
-28
-28
-28
-28
-28
-28
-28
-27
-27
-27
-27
-28
-27
-28
-27
-28
-27
-28
-28
-28
-28
-28
-28
-28
-28
-28
-28
-27
-27
-27
-27
-27
-28
-28
-28
-28
-28
-28
-28
-28
-28
-28
-28
-28
-28
-27
-28
-27
-27
-27
-27
-28
-28
-28
-28
-28
-28
-28
-28
-28
-28
-28
-28
-27
-28
-27
-28
-27
-28
-27
-28
-27
-28
-28
-28
-28
-28
-28
-28
-27
-28
-27
-28
-27
-28
-27
-28
-27
-28
-28
-27
-28
-28
-28
-28
-28
-28
-28
-27
-27
-27
-27
-28
-27
-28
-27
-28
-27
-28
-28
-28
-28
-28
-28
-28
-28
-28
-28
-27
-27
-27
-27
-28
-27
-28
-28
-28
-28
-28
-28
-28
-28
-28
-28
-28
-28
-28
-27
-27
-27
-27
-27
-27
-27
-28
-28
-28
-28
-28
-28
-28
-28
-28
-28
-28
-28
-27
-28
-27
-27
-28
-28
-28
-28
-28
-28
-28
-28
-28
-28
-28
-28
-28
-28
-27
-28
-27
-28
-27
-28
-28
-28
-28
-28
-28
-28
-28
-28
-28
-27
-27
-28
-27
-28
-27
-28
-27
-28
-28
-28
-28
-28
-28
-28
-28
-28
-28
-28
-28
-28
-27
-28
-27
-28
-27
-28
-27
-28
-28
-28
-28
-28
-28
-28
-28
-28
-28
-28
-27
-27
-27
-27
-27
-28
-27
-28
-28
-28
-28
-28
-28
-28
-28
-28
-28
-27
-28
-27
-27
-27
-27
-27
-28
-28
-28
-28
-28
-28
-28
-28
-28
-28
-28
-28
-28
-27
-28
-27
-28
-27
-28
-27
-28
-28
-28
-28
-28
-28
-28
-28
-28
-27
-28
-27
-28
-27
-28
-27
-28
-28
-28
-28
-28
-28
-28
-28
-28
-28
-28
-27
-28
-27
-28
-27
-28
-27
-28
-27
-28
-28
-28
-28
-28
-28
-28
-28
-28
-27
-27
-27
-27
-27
-28
-27
-28
-27
-28
-28
-28
-28
-28
-28
-28
-28
-28
-28
-28
-28
-27
-27
-27
-27
-28
-27
-28
-28
-28
-28
-28
-28
-28
-28
-28
-28
-28
-28
-27
-28
-28
-27
-27
-27
-27
-28
-28
-28
-28
-28
-28
-28
-28
-28
-28
-28
-27
-28
-28
-28
-27
-27
-27
-27
-27
-28
-28
-28
-28
-28
-28
-28
-28
-28
-28
-28
-27
-28
-27
-28
-27
-28
-27
-28
-28
-28
-28
-28
-28
-28
-28
-28
-28
-28
-27
-28
-27
-28
-27
-28
-27
-28
-28
-28
-28
-28
-28
-28
-28
-28
-28
-28
-28
-28
-27
-28
-27
-28
-27
-28
-27
-28
-28
-28
-28
-28
-28
-28
-28
-28
-28
-28
-28
-28
-28
-28
-27
-28
-27
-28
-28
-28
-28
-28
-28
-28
-28
-28
-28
-27
-27
-27
-27
-27
-27
-28
-28
-28
-28
-28
-28
-28
-28
-28
-28
-27
-28
-27
-28
-27
-28
-27
-28
-28
-28
-28
-28
-28
-28
-27
-27
-27
-28
-27
-28
-28
-28
-27
-28
-28
-28
-28
-28
-28
-28
-28
-28
-28
-27
-27
-27
-27
-28
-28
-28
-28
-28
-28
-28
-28
-28
-28
-27
-28
-27
-28
-28
-28
-27
-27
-27
-27
-28
-27
-28
-27
-28
-28
-28
-28
-28
-28
-28
-28
-28
-28
-28
-28
-28
-27
-27
-27
-27
-27
-28
-28
-28
-28
-28
-28
-28
-28
-28
-28
-28
-28
-28
-28
-27
-28
-27
-27
-28
-27
-27
-28
-28
-28
-28
-28
-28
-28
-28
-28
-28
-28
-27
-28
-27
-28
-28
-28
-28
-28
-28
-28
-28
-28
-28
-28
-28
-28
-28
-28
-27
-28
-27
-28
-27
-28
-28
-28
-28
-28
-28
-28
-28
-28
-28
-28
-28
-27
-28
-28
-27
-28
-28
-28
-27
-28
-27
-28
-28
-28
-28
-28
-28
-28
-28
-27
-27
-27
-27
-27
-27
-28
-27
-28
-28
-28
-28
-28
-28
-28
-28
-28
-28
-27
-28
-28
-27
-27
-27
-28
-27
-28
-28
-28
-28
-28
-28
-28
-28
-28
-28
-28
-28
-27
-28
-27
-28
-27
-28
-27
-28
-28
-28
-28
-28
-28
-28
-28
-28
-27
-28
-27
-28
-29
-28
-27
-28
-27
-27
-28
-27
-28
-28
-28
-28
-28
-27
-28
-28
-28
-28
-27
-28
-27
-28
-27
-28
-28
-28
-28
-28
-28
-27
-28
-28
-28
-27
-28
-29
-28
-28
-27
-28
-28
-28
-28
-28
-28
-28
-28
-28
-28
-28
-28
-29
-28
-27
-27
-27
-27
-28
-28
-28
-28
-28
-28
-28
-28
-28
-28
-28
-28
-28
-28
-27
-28
-28
-27
-28
-27
-28
-27
-28
-28
-28
-28
-28
-28
-28
-28
-28
-28
-27
-28
-27
-28
-27
-28
-27
-28
-28
-28
-28
-28
-28
-28
-28
-28
-27
-27
-27
-28
-27
-28
-27
-28
-27
-28
-28
-27
-28
-28
-28
-28
-28
-28
-28
-28
-28
-28
-28
-28
-27
-28
-27
-28
-27
-28
-29
-28
-28
-28
-28
-28
-28
-28
-28
-27
-27
-28
-27
-28
-27
-28
-28
-28
-27
-28
-28
-28
-28
-28
-28
-28
-28
-28
-28
-28
-27
-28
-27
-28
-27
-28
-28
-28
-28
-28
-28
-28
-28
-28
-28
-28
-28
-28
-28
-27
-28
-27
-27
-28
-27
-28
-27
-28
-28
-28
-28
-28
-28
-28
-28
-28
-28
-27
-28
-27
-27
-27
-28
-28
-27
-28
-28
-28
-28
-28
-28
-28
-28
-28
-28
-28
-28
-28
-28
-27
-27
-27
-28
-28
-28
-28
-28
-28
-28
-28
-28
-28
-28
-28
-28
-28
-28
-27
-28
-27
-28
-27
-28
-28
-27
-28
-28
-27
-28
-28
-28
-27
-28
-27
-28
-27
-28
-27
-28
-28
-28
-28
-28
-28
-28
-28
-28
-28
-28
-28
-28
-28
-28
-28
-28
-27
-28
-27
-28
-27
-28
-27
-28
-28
-28
-28
-28
-28
-28
-28
-28
-27
-28
-27
-28
-27
-28
-27
-28
-28
-28
-28
-28
-28
-28
-28
-28
-28
-27
-28
-27
-27
-27
-27
-27
-27
-28
-28
-28
-28
-28
-28
-28
-28
-28
-28
-28
-28
-28
-28
-27
-28
-27
-28
-27
-27
-28
-28
-28
-28
-28
-28
-28
-28
-28
-28
-28
-28
-27
-28
-27
-27
-27
-27
-28
-27
-28
-28
-28
-28
-28
-28
-28
-28
-28
-28
-27
-28
-27
-28
-28
-28
-27
-27
-28
-27
-28
-28
-28
-28
-28
-28
-28
-28
-28
-28
-28
-28
-28
-28
-27
-28
-27
-27
-28
-28
-28
-28
-28
-28
-28
-28
-28
-28
-28
-28
-27
-28
-28
-28
-27
-28
-28
-28
-28
-28
-28
-28
-28
-28
-28
-28
-28
-27
-28
-28
-27
-28
-28
-28
-27
-28
-28
-28
-28
-28
-28
-28
-28
-28
-28
-28
-28
-28
-28
-28
-27
-28
-27
-28
-28
-28
-28
-28
-28
-28
-28
-28
-28
-28
-28
-28
-28
-27
-27
-27
-27
-28
-27
-28
-28
-28
-28
-28
-28
-28
-28
-28
-28
-28
-28
-28
-28
-27
-28
-27
-28
-28
-27
-28
-28
-28
-28
-28
-28
-28
-28
-28
-28
-28
-28
-28
-28
-28
-27
-28
-27
-27
-27
-28
-28
-28
-28
-28
-28
-28
-28
-28
-28
-28
-28
-28
-28
-27
-28
-28
-28
-28
-27
-28
-27
-28
-28
-28
-28
-28
-28
-28
-28
-27
-28
-27
-28
-27
-28
-27
-27
-28
-28
-28
-28
-28
-28
-28
-28
-28
-28
-28
-28
-27
-28
-27
-28
-27
-28
-27
-28
-28
-28
-28
-28
-28
-28
-28
-28
-27
-27
-28
-28
-27
-28
-27
-28
-27
-28
-28
-28
-28
-28
-28
-28
-28
-28
-27
-27
-27
-28
-27
-28
-27
-28
-27
-28
-28
-28
-28
-28
-28
-28
-28
-28
-28
-27
-28
-28
-27
-27
-27
-28
-27
-28
-27
-28
-28
-28
-28
-28
-28
-28
-28
-28
-28
-28
-28
-27
-27
-27
-27
-27
-28
-28
-28
-28
-28
-28
-28
-28
-28
-28
-28
-27
-28
-28
-28
-27
-28
-27
-27
-27
-28
-27
-28
-28
-28
-28
-28
-28
-28
-28
-28
-28
-28
-27
-28
-27
-28
-27
-27
-27
-27
-28
-28
-28
-28
-28
-28
-28
-28
-28
-28
-27
-28
-27
-28
-28
-28
-28
-28
-28
-28
-28
-28
-28
-28
-28
-28
-28
-28
-28
-28
-27
-28
-27
-28
-27
-28
-27
-28
-28
-28
-28
-28
-28
-28
-28
-28
-28
-28
-27
-28
-27
-28
-27
-28
-27
-28
-28
-28
-28
-28
-28
-28
-28
-28
-28
-28
-28
-28
-27
-27
-27
-28
-27
-28
-28
-28
-28
-28
-28
-28
-28
-28
-28
-28
-28
-28
-28
-27
-28
-27
-27
-28
-27
-28
-27
-28
-27
-28
-27
-28
-27
-28
-28
-28
-28
-28
-28
-27
-28
-28
-28
-28
-28
-28
-29
-28
-28
-28
-28
-28
-28
-28
-28
-27
-28
-29
-28
-28
-28
-28
-28
-28
-28
-28
-28
-28
-27
-28
-27
-28
-28
-27
-28
-27
-28
-28
-28
-28
-28
-28
-28
-28
-28
-28
-28
-28
-28
-28
-28
-28
-28
-28
-28
-27
-28
-27
-28
-28
-28
-28
-28
-28
-28
-28
-28
-28
-27
-27
-27
-28
-27
-27
-28
-27
-28
-27
-28
-28
-28
-28
-28
-28
-28
-28
-28
-28
-28
-28
-28
-27
-27
-27
-28
-27
-28
-27
-28
-28
-28
-28
-28
-28
-27
-28
-28
-28
-27
-28
-27
-28
-28
-28
-27
-27
-28
-28
-28
-28
-28
-28
-28
-28
-28
-28
-28
-28
-28
-28
-27
-28
-27
-27
-28
-28
-28
-28
-28
-28
-28
-28
-28
-28
-28
-28
-28
-28
-27
-28
-28
-28
-27
-27
-27
-28
-27
-27
-28
-28
-28
-28
-28
-28
-28
-28
-28
-28
-27
-28
-27
-28
-27
-28
-27
-27
-27
-28
-28
-28
-28
-28
-28
-28
-28
-28
-28
-28
-27
-28
-27
-28
-28
-27
-29
-28
-28
-28
-28
-28
-28
-28
-28
-28
-28
-28
-28
-28
-27
-28
-28
-28
-27
-28
-27
-28
-28
-28
-28
-28
-28
-28
-28
-28
-28
-28
-27
-28
-27
-28
-27
-28
-27
-28
-27
-27
-27
-27
-28
-28
-28
-28
-28
-27
-28
-27
-28
-28
-27
-28
-27
-28
-27
-28
-28
-28
-28
-28
-28
-28
-28
-28
-28
-54
-36
-16
-15
-14
-6
9
14
4
-5
-23
-24
-25
-25
-18
12
25
32
31
31
25
16
-22
-24
-26
-25
-26
-26
-26
-26
-26
-26
-26
-26
-26
-26
-26
-26
-26
-26
-27
-27
-9
-4
-10
-10
-12
8
15
35
47
55
56
49
37
32
21
-7
-11
-28
-28
-28
-28
-28
-28
-28
-28
-29
-30
-30
-24
-23
-24
-24
-24
-23
-23
-23
-24
-23
-24
-23
-24
-23
-24
-23
-24
-24
-24
-24
-24
-24
-24
-24
-24
-24
-24
-23
-24
-23
-24
-23
-24
-24
-24
-24
-24
-24
-24
-24
-24
-24
-24
-24
-23
-23
-23
-23
-24
-24
-24
-24
-24
-24
-24
-23
-23
-23
-23
-23
-24
-23
-24
-24
-24
-24
-24
-24
-24
-24
-24
-24
-24
-24
-24
-24
-23
-23
-23
-23
-23
-23
-24
-24
-24
-24
-24
-24
-24
-24
-24
-24
-24
-24
-23
-24
-23
-23
-23
-23
-23
-23
-24
-24
-24
-24
-24
-24
-24
-24
-24
-24
-24
-24
-23
-24
-23
-24
-23
-23
-23
-23
-24
-24
-24
-24
-24
-24
-24
-24
-24
-24
-23
-24
-23
-24
-23
-24
-23
-24
-24
-24
-24
-24
-24
-24
-24
-24
-24
-24
-24
-24
-23
-24
-23
-24
-23
-24
-23
-24
-23
-24
-24
-24
-23
-24
-23
-24
-24
-24
-24
-24
-23
-24
-23
-24
-23
-24
-23
-24
-24
-24
-24
-24
-24
-24
-24
-24
-24
-24
-23
-24
-23
-24
-23
-24
-23
-24
-23
-24
-23
-24
-24
-24
-24
-24
-24
-24
-24
-24
-23
-23
-23
-24
-23
-24
-24
-24
-23
-24
-24
-24
-24
-24
-24
-24
-24
-24
-23
-23
-24
-23
-23
-24
-23
-24
-23
-24
-23
-24
-24
-24
-24
-24
-24
-24
-24
-24
-24
-23
-23
-23
-23
-23
-23
-24
-24
-24
-23
-24
-24
-24
-24
-24
-24
-24
-24
-23
-24
-23
-23
-23
-23
-23
-23
-24
-24
-24
-24
-24
-24
-24
-24
-24
-24
-23
-24
-23
-24
-23
-24
-23
-24
-23
-23
-24
-24
-24
-24
-24
-24
-24
-24
-24
-24
-23
-24
-23
-24
-23
-24
-24
-23
-24
-23
-24
-24
-24
-24
-24
-24
-24
-24
-24
-24
-23
-24
-23
-24
-23
-24
-24
-24
-24
-24
-24
-24
-24
-24
-24
-24
-24
-24
-24
-24
-23
-24
-24
-24
-23
-24
-24
-24
-24
-24
-24
-24
-24
-24
-24
-24
-23
-23
-24
-24
-23
-24
-24
-24
-23
-24
-23
-24
-24
-24
-24
-24
-24
-24
-24
-24
-24
-24
-23
-24
-23
-24
-24
-24
-24
-24
-24
-24
-24
-24
-24
-24
-24
-24
-24
-24
-24
-24
-24
-23
-23
-24
-23
-24
-24
-24
-24
-24
-24
-24
-24
-24
-24
-24
-24
-24
-24
-23
-23
-23
-23
-23
-24
-24
-24
-24
-24
-24
-23
-24
-24
-24
-24
-24
-24
-24
-24
-24
-23
-23
-23
-24
-23
-24
-24
-24
-24
-24
-24
-24
-24
-24
-24
-24
-24
-24
-24
-23
-24
-23
-23
-23
-24
-24
-24
-24
-24
-24
-24
-24
-24
-24
-24
-24
-24
-23
-24
-24
-24
-23
-23
-24
-24
-24
-24
-24
-24
-24
-24
-24
-24
-24
-24
-23
-24
-23
-24
-23
-24
-23
-24
-24
-24
-24
-24
-24
-24
-24
-24
-24
-24
-24
-24
-24
-24
-23
-24
-23
-24
-23
-24
-23
-23
-23
-24
-24
-24
-24
-24
-24
-24
-24
-24
-24
-24
-24
-24
-23
-24
-23
-24
-23
-24
-23
-24
-24
-24
-24
-24
-24
-24
-24
-24
-24
-24
-23
-24
-23
-24
-23
-24
-24
-24
-23
-24
-24
-24
-24
-24
-24
-24
-24
-24
-23
-23
-23
-24
-23
-24
-23
-24
-23
-24
-24
-24
-24
-24
-24
-24
-24
-24
-23
-23
-23
-24
-23
-24
-23
-24
-23
-24
-23
-24
-24
-24
-24
-24
-24
-24
-24
-24
-23
-23
-23
-23
-23
-23
-23
-24
-23
-24
-23
-24
-23
-24
-24
-24
-24
-24
-24
-24
-24
-24
-24
-23
-23
-23
-23
-24
-23
-24
-24
-24
-23
-24
-24
-24
-24
-24
-24
-24
-24
-23
-24
-24
-23
-23
-23
-23
-23
-24
-23
-24
-24
-24
-24
-24
-24
-24
-24
-24
-24
-24
-24
-23
-24
-23
-23
-23
-23
-24
-23
-24
-24
-24
-24
-24
-24
-24
-24
-24
-24
-24
-24
-23
-23
-23
-23
-23
-23
-23
-24
-24
-24
-24
-24
-24
-24
-24
-24
-24
-24
-24
-24
-23
-24
-23
-23
-23
-23
-24
-24
-24
-24
-24
-24
-24
-24
-24
-24
-24
-24
-24
-24
-23
-24
-23
-23
-23
-23
-24
-23
-24
-24
-24
-24
-24
-24
-24
-24
-24
-24
-23
-24
-23
-24
-23
-24
-23
-23
-24
-24
-24
-24
-24
-24
-24
-24
-24
-24
-24
-24
-23
-24
-23
-24
-23
-24
-23
-23
-23
-24
-24
-24
-24
-24
-24
-24
-24
-24
-24
-24
-23
-24
-23
-24
-23
-24
-23
-24
-24
-24
-24
-24
-24
-24
-24
-24
-24
-24
-24
-24
-23
-24
-24
-24
-23
-24
-23
-24
-24
-24
-24
-24
-24
-24
-24
-24
-24
-24
-24
-23
-23
-24
-23
-24
-23
-24
-23
-24
-24
-24
-24
-24
-24
-24
-24
-24
-24
-23
-24
-23
-23
-24
-23
-24
-23
-24
-23
-24
-24
-24
-24
-24
-24
-24
-24
-24
-24
-24
-23
-23
-23
-23
-23
-24
-23
-24
-24
-24
-24
-24
-24
-24
-24
-24
-24
-24
-24
-23
-23
-23
-23
-23
-23
-24
-23
-24
-24
-24
-24
-24
-24
-24
-24
-24
-24
-23
-24
-23
-24
-23
-23
-23
-23
-23
-24
-24
-24
-24
-24
-24
-24
-24
-24
-24
-24
-23
-24
-23
-24
-23
-23
-23
-23
-24
-23
-24
-24
-24
-24
-24
-24
-24
-24
-24
-24
-24
-24
-23
-24
-24
-24
-24
-24
-23
-24
-24
-24
-23
-24
-23
-24
-24
-24
-24
-24
-24
-24
-24
-24
-24
-24
-24
-23
-24
-24
-24
-24
-24
-24
-24
-24
-24
-24
-24
-24
-24
-24
-23
-24
-23
-24
-23
-24
-24
-24
-24
-24
-24
-24
-24
-24
-24
-24
-23
-24
-23
-24
-23
-24
-23
-24
-24
-24
-24
-24
-24
-24
-24
-24
-24
-24
-24
-24
-23
-24
-23
-24
-23
-24
-23
-24
-24
-24
-24
-24
-24
-24
-24
-24
-24
-24
-24
-23
-23
-23
-23
-24
-23
-24
-23
-24
-24
-24
-24
-24
-24
-24
-24
-24
-24
-24
-23
-23
-23
-23
-23
-24
-23
-24
-24
-24
-24
-24
-24
-24
-24
-24
-24
-24
-24
-24
-24
-24
-24
-23
-23
-23
-24
-24
-24
-24
-24
-23
-23
-23
-23
-23
-23
-24
-23
-24
-24
-24
-24
-24
-24
-24
-24
-24
-24
-23
-24
-23
-23
-23
-23
-24
-24
-24
-24
-23
-24
-23
-24
-23
-23
-23
-24
-24
-24
-24
-24
-24
-24
-24
-24
-24
-24
-24
-24
-23
-24
-23
-24
-23
-23
-23
-24
-24
-24
-24
-24
-23
-24
-23
-24
-24
-24
-23
-24
-23
-24
-23
-30
-29
-30
-29
-30
-30
-30
-29
-30
-29
-30
-29
-30
-30
-30
-30
-30
-30
-30
-30
-24
-24
-24
-24
-24
-23
-24
-23
-24
-23
-24
-23
-24
-24
-24
-24
-24
-23
-24
-23
-24
-23
-24
-24
-24
-24
-24
-24
-24
-24
-24
-24
-24
-23
-23
-23
-24
-23
-24
-23
-24
-24
-24
-24
-24
-24
-24
-24
-24
-24
-24
-24
-23
-23
-23
-23
-24
-23
-24
-24
-24
-23
-24
-24
-24
-24
-24
-24
-24
-24
-24
-24
-23
-23
-23
-23
-23
-23
-24
-23
-24
-24
-24
-24
-24
-24
-24
-24
-24
-24
-24
-24
-23
-23
-23
-23
-23
-23
-24
-23
-24
-24
-24
-24
-24
-24
-24
-24
-24
-24
-24
-24
-23
-24
-23
-23
-23
-24
-24
-24
-24
-24
-24
-24
-24
-24
-24
-24
-24
-24
-24
-24
-23
-24
-23
-23
-23
-23
-24
-24
-24
-24
-24
-24
-24
-24
-24
-24
-23
-24
-23
-24
-23
-24
-23
-24
-23
-24
-24
-24
-24
-24
-24
-24
-24
-24
-24
-24
-23
-24
-23
-24
-23
-24
-23
-24
-23
-23
-24
-24
-24
-24
-24
-24
-24
-24
-24
-24
-23
-24
-23
-24
-23
-24
-23
-24
-24
-24
-24
-24
-24
-24
-24
-24
-24
-24
-23
-23
-24
-24
-24
-24
-23
-24
-23
-24
-23
-24
-24
-24
-24
-24
-24
-24
-24
-24
-24
-23
-23
-23
-23
-24
-23
-24
-23
-24
-24
-24
-24
-24
-24
-24
-24
-24
-24
-24
-24
-23
-23
-23
-23
-24
-23
-24
-24
-24
-24
-24
-24
-24
-24
-24
-24
-24
-24
-23
-24
-24
-23
-23
-23
-23
-23
-24
-24
-24
-24
-24
-24
-24
-24
-24
-24
-24
-24
-24
-24
-23
-23
-23
-23
-23
-23
-24
-23
-24
-24
-24
-24
-24
-24
-24
-24
-24
-24
-23
-24
-24
-23
-23
-23
-23
-23
-23
-23
-24
-24
-24
-24
-24
-24
-24
-24
-24
-24
-24
-24
-23
-24
-23
-23
-23
-24
-24
-24
-24
-24
-24
-24
-24
-24
-24
-24
-24
-24
-23
-24
-23
-24
-23
-23
-23
-23
-23
-24
-24
-24
-24
-24
-24
-24
-24
-24
-24
-24
-23
-24
-23
-24
-23
-24
-23
-24
-24
-24
-23
-24
-23
-24
-23
-24
-24
-24
-24
-24
-23
-24
-23
-24
-23
-24
-23
-23
-23
-24
-24
-24
-24
-24
-24
-24
-24
-24
-24
-24
-23
-24
-23
-24
-23
-24
-23
-24
-24
-24
-24
-24
-24
-24
-24
-24
-24
-24
-23
-24
-23
-24
-23
-24
-23
-24
-23
-24
-23
-24
-23
-24
-24
-24
-23
-24
-23
-24
-23
-23
-23
-24
-23
-24
-23
-24
-23
-24
-24
-24
-24
-24
-24
-24
-23
-24
-23
-24
-24
-24
-24
-24
-24
-24
-24
-24
-24
-24
-23
-24
-24
-24
-24
-24
-24
-24
-24
-24
-23
-23
-23
-23
-23
-24
-24
-24
-24
-24
-24
-24
-24
-24
-24
-24
-24
-24
-24
-23
-23
-23
-23
-23
-23
-24
-23
-24
-24
-24
-24
-24
-24
-24
-24
-24
-24
-24
-24
-23
-24
-23
-23
-23
-23
-23
-23
-24
-24
-24
-24
-24
-24
-24
-24
-24
-24
-24
-24
-23
-24
-23
-23
-23
-24
-24
-24
-24
-24
-24
-24
-24
-24
-24
-24
-24
-24
-24
-24
-23
-24
-23
-24
-23
-23
-24
-23
-24
-24
-24
-24
-24
-24
-24
-24
-24
-24
-23
-24
-23
-24
-23
-24
-23
-23
-24
-23
-23
-24
-23
-24
-24
-24
-23
-23
-24
-24
-24
-24
-24
-24
-24
-24
-24
-24
-23
-24
-24
-24
-23
-24
-24
-24
-24
-24
-24
-24
-23
-24
-23
-24
-23
-24
-24
-24
-24
-24
-23
-24
-23
-24
-23
-24
-23
-23
-24
-24
-24
-24
-24
-24
-24
-24
-24
-24
-24
-30
-30
-30
-30
-30
-30
-30
-29
-29
-30
-29
-30
-33
-43
-44
-44
-44
-44
-44
-44
-45
-39
-34
-31
-30
-30
-30
-29
-30
-29
-29
-28
-28
-28
-28
-28
-28
-28
-28
-28
-28
-28
-28
-28
-28
-28
-28
-28
-27
-26
-27
-27
-26
-27
-26
-27
-27
-27
-28
-26
-27
-28
-27
-26
-27
-27
-27
-27
-27
-27
-28
-27
-27
-28
-27
-27
-27
-27
-27
-27
-23
-23
-24
-23
-24
-24
-23
-24
-23
-23
-23
-17
-11
-21
-25
-26
-26
-28
-27
-28
-27
-28
-28
-28
-29
-29
-30
-30
-30
-30
-24
-24
-23
-22
-21
-21
-21
-19
-18
-6
-3
2
14
14
17
17
17
21
30
43
51
86
91
97
103
112
116
115
106
105
100
87
84
85
84
85
85
84
85
90
90
91
91
91
83
83
83
84
82
82
83
82
82
83
82
83
76
77
83
83
82
83
82
82
76
77
77
77
76
84
82
83
84
85
85
85
94
106
133
147
153
162
166
188
194
198
220
238
269
274
279
307
323
345
347
347
347
348
356
356
348
349
356
364
364
345
344
340
310
284
218
181
153
122
105
76
77
78
65
62
47
38
31
27
27
26
27
28
28
27
27
27
27
36
43
56
61
75
92
94
108
119
134
140
143
144
143
150
159
166
176
191
214
220
222
228
227
232
233
234
234
226
236
242
247
254
254
233
222
219
217
211
188
179
173
152
145
133
124
116
114
114
113
113
113
113
114
109
101
98
97
97
97
97
98
97
97
97
97
97
98
96
97
96
97
97
96
102
105
112
111
114
112
113
112
113
114
113
114
121
124
124
124
125
118
117
118
116
114
108
109
108
109
108
109
108
98
93
92
93
100
105
104
107
106
108
110
110
111
110
104
104
103
103
110
111
113
113
113
114
118
127
127
128
119
116
114
120
131
133
133
133
134
133
134
132
134
138
149
154
157
162
166
173
174
173
174
174
165
166
162
156
152
143
140
138
133
131
132
139
138
139
133
132
131
127
119
117
112
112
111
111
109
96
90
68
58
58
58
56
52
49
48
47
57
68
72
72
74
73
83
88
92
108
112
119
130
135
138
138
139
140
139
141
142
143
143
143
143
143
143
143
143
144
143
146
149
154
154
154
154
154
148
146
146
144
144
143
142
143
143
142
138
137
136
130
126
125
125
125
130
133
134
134
134
133
135
136
138
138
138
138
130
128
124
122
121
118
117
110
104
97
89
86
71
63
51
42
40
29
23
15
6
4
6
3
-1
-11
-13
-16
-17
-18
-20
-18
-20
-19
-12
8
19
25
32
42
56
59
64
65
57
54
51
52
57
66
69
73
83
83
89
96
104
111
112
120
123
124
123
124
116
111
106
99
96
91
88
86
84
82
79
78
79
76
75
71
70
71
69
64
57
55
52
52
52
52
53
52
48
44
43
50
56
60
62
61
61
51
49
48
46
45
43
44
43
44
44
44
44
48
54
55
53
55
54
54
54
44
44
44
54
55
56
54
53
50
48
40
41
41
41
41
59
62
62
64
64
62
65
58
55
52
50
49
50
48
49
49
48
49
46
48
55
56
55
58
58
70
72
66
61
58
60
59
66
67
66
62
60
56
55
46
41
38
23
18
18
18
18
19
18
18
18
18
10
2
-13
-16
-18
-18
-20
-12
-9
-8
-2
3
24
30
31
32
31
40
42
43
44
45
37
34
24
15
9
5
5
14
14
14
15
13
3
3
2
2
-2
-4
-4
-4
-6
-6
-9
-11
-13
-13
-16
-20
-23
-23
-23
-25
-25
-26
-26
-19
-19
-18
-18
-13
-7
-6
-6
-6
-7
-6
-8
-6
-8
-6
-7
-8
-13
-14
-12
-13
-12
-8
-1
16
26
31
37
40
48
53
59
79
83
89
92
104
113
112
112
111
114
112
103
89
87
86
86
85
84
82
72
69
63
65
62
58
59
57
59
58
64
69
71
72
66
57
54
50
48
43
37
35
34
30
31
28
25
24
24
24
23
19
14
10
11
10
10
10
5
2
-3
-7
-13
-16
-18
-21
-22
-22
-22
-22
-21
-24
-26
-26
-26
-26
-25
-17
-18
-18
-18
-25
-27
-29
-30
-30
-25
-29
-28
-27
-28
-28
-30
-29
-30
-24
-23
-21
-25
-22
-22
-14
-23
-26
-28
-31
-37
-45
-46
-48
-47
-47
-48
-47
-36
-34
-32
-33
-29
-28
-29
-27
-28
-27
-24
-24
-17
-6
-1
19
26
37
43
44
48
54
64
76
79
83
84
87
87
87
77
76
71
68
61
58
56
53
55
51
52
52
51
52
50
44
48
43
45
45
40
32
28
21
18
7
3
-6
-12
-19
-22
-22
-27
-26
-26
-26
-28
-27
-28
-28
-28
-29
-28
-28
-29
-27
-28
-31
-30
-32
-31
-33
-32
-31
-30
-31
-33
-29
-29
-34
-28
-24
-31
-31
-29
-33
-28
-29
-29
-21
-22
-26
-31
-23
-26
-22
-24
-23
-22
-25
-24
-24
-24
-24
-24
-30
-29
-30
-30
-30
-30
-27
-29
-24
-23
-24
-23
-23
-21
-22
-22
-22
-22
-23
-22
-23
-20
-24
-22
-22
-23
-23
-30
-27
-30
-24
-31
-26
-28
-29
-30
-28
-29
-24
-20
-26
-15
-11
-5
-3
-3
5
14
27
26
36
39
38
52
50
56
59
60
51
57
54
60
56
58
59
55
60
60
55
56
52
50
43
40
40
39
38
35
28
27
24
22
15
20
15
14
20
15
25
18
29
28
31
34
40
53
49
52
58
58
55
58
58
59
56
60
46
49
49
49
49
49
47
30
34
25
24
29
22
19
24
30
26
28
19
34
32
29
31
28
34
34
36
34
30
38
35
30
30
34
25
29
27
26
26
24
26
26
24
32
39
45
52
52
65
49
49
88
85
90
91
83
92
88
90
91
93
85
77
56
46
38
25
20
6
14
5
5
6
5
3
5
4
2
-3
-6
-6
-11
-15
-9
-10
-13
-6
-5
0
-4
9
11
14
11
12
4
11
14
14
21
26
17
22
34
34
51
51
51
57
62
60
58
58
60
60
62
65
66
66
65
65
66
67
71
73
73
73
73
73
73
68
64
66
65
63
58
58
57
57
57
40
34
32
32
30
28
28
24
25
24
23
19
14
14
14
11
8
4
5
4
-1
-1
-1
-1
-4
-5
-3
-5
-4
-4
-3
-4
-6
-4
-3
5
3
6
6
6
6
8
8
6
5
7
7
-2
-1
-3
-4
-3
-4
-4
-4
-5
-3
2
6
10
8
8
8
0
-5
-6
-7
-11
-12
-10
-11
-12
-16
-16
-18
-20
-23
-23
-24
-24
-25
-26
-25
-26
-26
-28
-28
-26
-28
-26
-26
-27
-27
-26
-25
-28
-28
-29
-27
-26
-27
-28
-27
-27
-26
-27
-28
-28
-27
-26
-29
-27
-27
-27
-26
-27
-26
-27
-27
-27
-27
-27
-27
-27
-26
-27
-27
-28
-26
-27
-26
-27
-26
-27
-27
-27
-27
-28
-27
-26
-28
-26
-27
-27
-27
-27
-26
-28
-27
-28
-26
-28
-27
-26
-28
-29
-27
-27
-27
-27
-27
-26
-26
-27
-27
-26
-17
-16
-11
-11
-9
21
34
55
61
71
71
70
77
80
83
84
84
86
95
121
130
134
139
140
139
140
139
132
131
129
126
121
118
117
114
110
104
76
62
47
37
27
18
15
-3
-6
-8
-17
-22
-23
-23
-23
-24
-22
-23
-22
-23
-24
-27
-27
-27
-30
-29
-29
-37
-38
-37
-43
-46
-46
-47
-48
-50
-53
-59
-64
-69
-72
-82
-90
-90
-97
-99
-99
-99
-98
-99
-99
-101
-103
-104
-108
-115
-114
-116
-120
-129
-128
-130
-133
-136
-137
-136
-139
-140
-138
-140
-141
-131
-128
-123
-105
-89
-58
-45
-29
-24
-23
-17
-10
-6
3
5
9
9
10
14
18
20
20
21
21
20
20
10
2
3
0
-6
-11
-16
-18
-18
-22
-22
-24
-23
-25
-26
-26
-27
-27
-26
-26
-27
-28
-27
-25
-26
-26
-27
-26
-28
-27
-28
-28
-27
-28
-28
-28
-27
-28
-28
-27
-27
-28
-26
-27
-26
-28
-27
-27
-28
-27
-28
-27
-26
-28
-21
-18
-12
-12
-8
-5
-2
9
12
21
21
24
28
28
27
27
28
28
29
31
30
22
17
17
26
26
25
26
24
16
15
22
26
25
29
28
28
20
19
17
16
13
11
10
11
11
7
5
4
3
3
1
-1
3
0
-1
0
0
-1
6
8
13
14
16
23
21
24
24
28
29
28
29
29
29
30
30
30
30
37
41
40
48
50
49
49
50
48
44
39
39
39
39
40
35
34
32
30
29
30
28
28
25
25
26
25
25
24
21
20
19
16
9
6
-4
-5
-9
-10
-13
-19
-22
-23
-23
-23
-23
-23
-14
-9
2
28
36
62
71
81
89
90
93
94
95
95
90
84
84
85
83
85
85
84
85
84
85
84
77
70
64
64
62
63
59
57
57
57
58
58
57
54
55
56
50
50
50
50
50
49
51
50
50
49
49
50
55
57
58
58
58
64
70
68
72
71
72
72
73
73
74
76
76
82
86
86
88
90
92
89
91
93
84
85
83
80
73
71
72
71
71
71
83
92
99
101
96
106
90
88
98
89
89
94
84
88
82
82
70
48
38
49
48
44
52
55
64
64
64
70
71
68
80
68
66
64
56
56
50
46
40
30
28
18
16
15
10
9
11
10
10
11
9
8
9
8
10
19
41
50
55
58
63
72
76
79
85
85
85
83
85
85
89
107
119
125
126
125
125
124
130
132
133
132
120
111
104
103
101
96
94
91
90
80
76
71
70
69
66
67
67
67
73
81
77
85
85
83
81
82
82
82
87
91
92
94
92
94
98
96
99
106
111
111
112
123
130
137
139
142
139
138
131
138
138
138
111
124
124
116
106
102
94
92
92
93
90
89
87
85
84
85
97
101
105
108
111
111
110
112
112
111
112
112
104
103
101
101
99
97
96
96
98
95
96
95
98
97
95
95
94
94
92
94
94
101
103
108
108
113
115
117
119
126
127
128
129
128
129
128
127
129
119
122
120
119
120
118
119
114
112
104
102
99
96
93
94
93
95
93
91
90
87
86
82
77
69
64
63
62
64
63
62
61
62
63
62
62
59
58
57
51
48
43
42
42
42
41
40
40
41
40
41
47
50
50
52
51
52
51
51
51
51
51
52
51
55
55
57
57
56
58
57
58
58
58
63
64
64
64
64
64
69
70
72
84
86
88
91
92
98
98
98
100
103
103
103
102
103
103
103
103
95
93
93
93
92
93
93
94
90
90
87
83
82
82
82
80
76
77
76
74
67
64
58
52
49
44
44
44
40
40
36
32
25
20
19
18
16
12
10
11
9
11
10
10
10
10
5
3
3
4
-4
-6
-6
-11
-16
-23
-22
-22
-24
-25
-24
-18
-18
-18
-17
-16
-13
-8
-8
-5
6
14
27
33
40
48
52
53
52
58
72
74
80
77
79
77
85
93
96
103
116
124
125
126
125
118
114
113
109
107
98
98
97
95
93
90
89
85
82
81
80
78
76
77
72
72
72
68
60
51
48
48
39
37
38
37
38
37
37
36
37
37
34
35
34
34
30
28
29
29
28
28
28
28
28
28
28
29
28
27
28
28
27
28
28
28
28
29
28
29
28
25
25
26
24
22
23
23
23
23
23
21
21
20
20
20
20
20
20
20
20
27
30
30
31
31
35
37
42
43
44
48
50
53
52
54
53
54
55
56
56
56
54
55
55
55
55
55
55
55
57
55
56
55
54
55
54
55
56
55
55
55
55
56
49
50
49
47
47
46
46
45
46
46
46
46
47
46
44
44
44
43
43
42
42
42
41
43
42
42
40
39
40
40
40
39
39
41
40
40
41
41
40
39
46
48
51
56
64
68
78
82
85
87
89
90
90
92
91
93
93
93
92
94
94
94
93
92
88
87
83
81
73
68
64
64
62
56
56
52
49
48
48
48
48
48
47
44
42
37
32
30
28
27
22
23
24
23
24
23
21
23
21
21
21
22
21
21
22
22
21
21
20
20
21
21
21
21
22
21
20
21
22
21
21
20
22
22
20
22
22
22
20
22
21
21
20
28
29
30
31
31
34
33
34
33
34
34
35
35
36
34
36
36
36
35
36
35
35
35
34
37
37
38
37
38
37
37
38
37
37
37
37
36
38
37
38
39
41
40
40
42
44
46
45
46
47
47
42
42
39
36
36
31
30
29
27
28
22
19
20
20
20
20
18
20
20
20
18
17
15
16
16
16
15
11
8
8
6
6
6
6
6
3
-3
-12
-15
-19
-26
-28
-29
-31
-32
-32
-31
-32
-26
-26
-26
-26
-26
-26
-25
-26
-26
-25
-26
-26
-26
-26
-26
-26
-24
-24
-22
-21
-11
-3
5
13
25
28
32
32
30
40
47
52
78
63
65
68
71
66
68
68
63
62
62
63
52
80
109
118
124
133
135
134
137
142
139
140
128
122
119
114
111
108
107
105
106
105
104
104
104
105
102
93
93
93
99
100
88
86
64
49
35
14
2
-13
-12
-13
-23
-24
-23
-26
-26
-26
-26
-26
-26
-26
-25
-25
-26
-26
-27
-27
-28
-30
-32
-36
-41
-43
-42
-43
-42
-43
-44
-42
-46
-46
-48
-46
-50
-52
-52
-52
-52
-54
-57
-57
-58
-58
-58
-58
-58
-57
-52
-42
-39
-37
-34
-39
-34
-22
-22
-27
-27
-30
-27
-24
-26
-27
-27
-27
-26
-25
-26
-27
-28
-26
-27
-27
-26
-27
-27
-26
-26
-26
-26
-24
-22
-4
18
37
67
80
91
92
91
92
92
92
92
93
92
91
93
93
84
82
82
81
78
60
65
59
49
43
26
24
25
16
13
12
11
10
6
5
7
6
5
6
5
6
5
5
15
16
23
26
28
33
38
42
43
47
51
53
54
58
57
56
57
57
57
58
57
57
56
56
59
57
56
50
52
52
51
51
51
51
50
48
48
44
42
35
31
26
10
4
4
4
2
-6
-10
-14
-21
-23
-26
-27
-26
-27
-27
-28
-27
-29
-28
-29
-28
-30
-36
-35
-36
-39
-39
-42
-47
-47
-48
-48
-47
-47
-48
-47
-48
-48
-47
-50
-50
-50
-50
-53
-53
-54
-53
-53
-53
-54
-57
-58
-60
-59
-61
-63
-63
-63
-63
-63
-63
-63
-46
-38
-38
-38
-37
-34
-34
-30
-26
-26
-26
-25
-26
-26
-26
-26
-26
-26
-25
-26
-25
-26
-26
-26
-24
-23
-24
-24
-30
-30
-30
-30
-30
-30
-30
-30
-30
-30
-30
-30
-31
-30
-30
-29
-30
-23
-23
-21
-21
-21
-20
-21
-17
-14
-14
-13
-3
2
2
3
2
3
3
3
2
3
5
10
9
8
10
15
20
23
23
28
33
37
42
50
54
58
59
60
59
59
68
68
71
76
74
78
82
82
82
82
69
62
54
49
47
37
30
16
5
2
2
3
-7
-13
-18
-18
-18
-12
-13
-12
-12
-11
3
11
17
20
30
51
56
59
61
61
51
50
50
50
49
49
50
58
59
61
64
66
65
65
65
65
57
52
49
43
28
19
15
14
7
-6
-11
-19
-23
-22
-22
-24
-24
-24
-26
-26
-26
-25
-27
-26
-27
-27
-27
-27
-27
-27
-28
-28
-29
-29
-30
-29
-29
-30
-29
-29
-29
-28
-30
-28
-22
-21
-8
2
15
20
23
27
28
33
38
41
43
47
60
62
62
75
78
79
81
84
90
93
94
94
95
94
97
106
110
127
129
126
119
112
102
99
92
69
64
60
50
42
37
37
33
30
31
32
31
28
28
28
28
27
13
11
12
10
2
-6
-6
-5
-9
-10
-11
-10
-11
-11
-2
8
10
10
14
16
16
16
19
21
20
24
26
29
31
33
36
40
43
45
44
48
49
55
56
58
58
60
61
61
60
61
62
61
58
64
61
59
62
60
61
62
63
62
65
68
68
67
70
69
72
73
71
72
73
72
70
72
67
66
64
65
65
58
58
54
44
47
42
41
43
42
36
37
37
26
24
24
25
23
24
36
43
50
51
53
55
55
56
54
58
60
61
62
66
72
74
77
77
78
77
77
78
72
71
72
71
74
69
69
70
69
69
67
70
67
68
68
65
66
65
66
65
66
63
63
63
63
64
64
64
65
62
62
62
62
63
63
64
63
64
62
64
63
64
63
63
63
62
63
63
62
63
64
63
63
63
63
63
64
63
63
63
63
64
63
62
59
59
58
52
47
48
46
42
42
43
38
35
29
24
16
11
6
-8
-9
-11
-12
-17
-19
-21
-23
-23
-24
-25
-23
-25
-26
-26
-27
-28
-28
-28
-29
-29
-29
-28
-29
-27
-29
-29
-23
-23
-22
-1
25
59
74
92
98
99
99
98
98
91
86
84
84
82
80
78
65
63
62
59
52
36
34
20
8
3
-21
-26
-27
-27
-28
-27
-27
-27
-27
-27
-28
-27
-28
-27
-27
-27
-27
-27
-27
-27
-26
-27
-28
-21
-13
-12
-9
15
29
40
41
41
48
49
50
50
52
52
54
55
56
54
54
56
56
55
59
60
62
62
62
61
62
62
62
56
54
54
56
51
48
49
47
46
42
41
38
38
38
36
36
35
36
34
30
30
24
20
19
10
5
-3
-7
-7
-12
-14
-15
-12
-14
-7
-6
-4
-4
-4
-4
-2
-16
-17
-20
-23
-24
-26
-26
-27
-26
-26
-27
-26
-25
-26
-25
-26
-26
-26
-27
-24
-27
-26
-25
-27
-26
-27
-27
-26
-28
-26
-19
-19
-18
-16
-14
-12
-13
-14
-12
-11
-13
-11
-10
-11
-10
-14
-10
-11
-9
-9
-7
-4
1
8
20
33
44
56
58
68
72
72
78
85
85
84
86
87
87
89
88
88
87
89
80
76
73
64
59
57
56
58
54
52
48
37
25
22
14
-1
-2
-4
-3
-3
-3
-3
-3
-2
-2
-4
-5
-11
-12
-11
-14
-18
-19
-21
-22
-14
-12
-12
-18
-23
-26
-25
-25
-28
-27
-27
-26
-27
-27
-19
-13
-14
-14
-14
-13
-14
-12
-7
-5
-3
-3
4
-5
-6
0
-2
1
5
4
4
4
4
4
4
4
4
-1
-52
0
-17
-3
1
-1
8
36
51
68
84
87
85
78
73
69
70
62
60
61
61
62
59
57
58
58
58
56
48
40
41
40
40
41
41
41
40
40
40
40
42
40
20
-16
-28
-28
-28
-28
-29
-29
-28
-29
-29
-19
6
18
31
50
58
68
82
91
90
90
90
91
83
84
82
98
103
113
113
114
120
120
111
108
109
114
114
96
91
92
83
68
61
59
59
51
41
35
34
35
29
28
25
20
16
8
5
-6
-12
-16
-17
-23
-28
-27
-28
-28
-29
-31
-32
-32
-32
-32
-26
-24
-24
-24
-23
-24
-24
-24
-24
-24
-23
-23
-23
-23
-22
-23
-23
-22
-22
-22
-22
-22
-23
-28
-28
-28
-29
-29
-30
-28
-29
-30
-29
-30
-23
-24
-23
-21
-21
-21
-17
-12
-10
-11
-11
-9
-6
-7
-8
-7
-7
-8
-7
-6
-7
-7
-7
-3
-3
-3
-4
-3
-2
-9
-9
-9
-10
-9
-8
-8
-9
-10
-9
-10
-9
2
10
10
15
20
21
28
33
38
44
52
70
77
84
88
89
97
102
108
118
124
132
135
137
137
137
136
130
124
113
106
86
72
61
49
44
29
25
20
20
20
20
20
21
20
20
28
29
31
30
31
20
14
9
5
-3
-13
-13
-13
-13
-14
-15
-16
-18
-19
-19
-10
-1
20
24
36
49
51
65
69
74
76
80
84
84
84
85
85
84
86
89
89
89
90
92
93
94
100
106
107
101
100
100
106
106
98
99
106
116
115
118
125
128
123
121
116
116
114
111
111
108
104
102
98
100
98
100
109
113
118
124
128
132
133
131
123
120
118
118
116
114
113
113
113
113
108
105
96
90
86
82
82
82
82
88
88
89
94
97
97
91
89
78
69
62
50
44
36
32
31
38
41
43
43
44
44
38
38
38
39
38
38
39
38
38
38
38
38
38
47
47
49
48
55
57
59
65
76
80
82
82
84
90
94
118
132
138
137
138
147
154
157
161
166
167
167
162
161
160
154
147
146
145
141
123
119
122
113
110
103
98
94
92
89
85
84
82
78
78
78
78
77
78
78
78
78
77
77
78
85
85
85
85
85
84
85
85
85
85
86
90
94
99
106
109
110
113
113
114
114
114
116
116
116
116
121
124
124
126
127
128
132
133
134
133
132
133
133
133
134
133
133
133
133
126
125
124
120
112
104
94
89
84
67
66
66
59
56
53
50
47
43
41
39
36
28
24
25
21
20
18
17
13
12
11
10
12
18
22
24
29
34
36
42
48
56
56
57
58
64
77
80
82
85
90
100
107
113
113
113
112
113
113
113
113
114
113
112
113
114
108
108
109
104
105
104
102
95
89
78
62
57
46
41
36
38
47
67
72
72
73
72
65
64
59
50
49
48
46
52
55
55
48
49
48
47
48
44
36
24
22
20
20
19
18
13
11
9
8
4
5
2
-1
-1
-1
-2
-4
2
-1
-4
-4
-3
-4
3
3
3
3
4
4
4
3
3
4
10
22
28
31
31
23
20
19
26
27
28
34
42
62
85
117
156
162
169
168
168
156
151
147
146
143
138
137
134
134
133
135
135
128
125
118
116
116
111
110
110
110
110
109
109
107
107
103
96
95
96
92
90
83
82
78
78
77
71
66
64
63
64
64
64
63
64
63
64
64
70
70
66
67
66
75
75
74
76
81
90
92
102
100
100
102
102
101
101
102
105
105
112
114
115
116
117
124
125
127
130
138
137
138
143
159
167
167
168
171
167
168
168
169
163
160
162
160
160
158
154
152
146
147
144
144
144
144
144
144
143
143
142
142
143
138
139
137
135
136
134
135
134
136
134
136
135
135
134
125
116
105
92
82
62
54
39
33
25
0
-8
-13
-13
-13
-26
-31
-32
-33
-32
-33
-27
-26
-26
-27
-27
-27
-24
-20
-12
-12
-12
-9
-10
-7
-7
-6
0
1
1
1
2
2
5
7
9
12
21
22
34
41
44
44
34
33
32
26
18
19
11
7
6
5
6
11
12
13
21
21
20
21
20
21
12
6
4
4
3
4
12
12
11
19
26
30
33
40
44
44
47
47
48
46
48
51
57
65
66
66
69
69
69
70
68
70
74
78
81
81
90
89
94
98
100
100
98
100
100
100
101
100
99
101
100
100
100
92
92
87
81
78
74
73
60
56
50
44
39
29
25
24
21
20
20
20
20
21
20
20
21
19
17
17
17
16
18
17
18
18
18
18
26
27
30
29
29
29
29
29
29
30
30
30
30
30
30
30
30
30
31
30
33
35
37
38
37
38
39
38
39
43
46
48
49
49
49
50
53
51
50
55
54
60
79
90
99
104
109
124
128
141
144
148
149
143
143
142
136
134
132
133
130
131
129
128
125
127
126
125
122
117
111
92
80
74
67
60
52
52
52
48
45
34
25
19
5
-7
-9
-9
-10
-12
-11
-11
-13
-14
-14
-14
-18
-21
-20
-21
-23
-25
-26
-25
-25
-25
-13
-13
-14
-12
-11
-11
-10
-9
-9
-8
-9
-9
-10
-9
-8
-10
-9
-6
0
10
34
38
41
48
48
57
57
53
56
52
58
57
62
67
69
70
70
74
75
72
75
74
80
85
96
101
110
130
142
153
162
170
176
176
175
178
176
175
163
167
148
146
139
126
111
106
102
93
94
90
86
84
84
82
78
79
72
68
64
60
57
50
47
44
45
44
45
44
45
43
41
33
31
29
24
17
10
8
6
4
2
-1
-4
-5
-7
-8
-8
-9
-8
-9
-9
-9
-9
-8
-9
-8
-8
-9
-8
-9
-9
-10
-8
-10
-11
-12
-11
-10
-11
-12
-11
-9
-3
6
8
6
8
9
10
6
9
6
10
7
7
10
1
2
-2
-6
-7
-12
-11
-13
-13
-13
-11
-11
-12
-10
-11
-16
-14
-13
-10
-11
-11
-20
-2
-8
3
-16
-10
-14
-13
-11
-12
-14
-12
-13
-4
2
7
21
31
43
45
48
56
59
60
66
66
66
67
69
70
63
74
85
107
104
128
124
117
115
108
118
124
127
127
128
127
128
128
119
115
109
106
104
100
96
91
90
84
74
74
62
55
50
39
33
19
12
2
-7
-7
-11
-10
-11
-11
-12
-12
-11
-11
-12
-12
-12
-11
-11
-12
-12
-12
-12
-13
-14
-12
-15
-14
-14
-14
-13
-14
-14
-8
-8
-7
-7
-8
-8
-7
-7
-8
-8
-8
-5
2
8
11
35
48
58
66
71
74
73
74
75
74
73
79
84
84
86
89
90
97
100
101
102
102
102
95
91
86
83
76
76
75
82
82
87
86
88
87
87
77
73
66
46
40
27
21
16
3
4
0
-4
-9
-9
-9
-10
-14
-12
-11
-12
-12
-12
2
2
6
13
15
17
22
29
33
37
42
46
48
50
55
64
64
66
67
70
68
70
70
74
74
75
74
78
78
79
81
81
83
83
85
94
94
101
102
101
101
103
104
103
104
105
104
105
105
105
105
106
106
105
104
96
89
84
81
76
65
64
54
47
43
40
37
32
29
29
27
26
22
21
17
16
15
14
14
25
29
31
32
32
37
38
39
40
42
53
60
62
72
74
82
87
92
97
102
103
105
108
110
110
108
110
103
105
104
104
103
104
103
102
102
102
102
102
102
102
103
117
122
123
124
127
127
127
126
126
127
118
117
111
101
94
84
84
82
74
67
62
59
58
52
49
38
36
33
22
17
15
13
12
2
-1
-4
-6
-8
-8
-8
-7
-8
-8
-8
-8
-8
-8
-8
-8
-7
2
6
11
16
20
24
25
27
26
27
26
26
29
30
28
33
38
43
43
44
45
44
44
44
46
61
76
97
103
121
124
122
125
125
125
125
128
130
130
124
121
118
106
103
101
101
100
94
92
85
82
80
74
70
68
69
68
65
62
56
54
51
42
43
43
40
37
34
42
55
60
75
79
78
78
79
78
78
78
71
65
34
16
7
-4
-8
-8
-7
-7
-7
-7
-8
-7
-8
-8
-8
-9
-11
-12
-12
-12
-11
-11
-11
-12
-12
-11
-12
-11
-12
-11
-12
-11
-12
-12
-12
-11
-13
-12
-12
-13
-13
-14
-12
-12
-13
-12
-13
-14
-13
-5
-1
5
6
7
5
6
5
-2
-4
-4
-4
-4
-4
4
7
13
16
34
43
44
50
52
58
62
67
69
70
75
76
78
78
78
78
78
78
78
78
78
78
78
79
71
66
62
58
57
54
47
40
30
30
30
25
25
25
24
34
34
35
39
40
42
42
43
34
16
-9
-12
-12
-14
-13
-14
-16
-23
-23
-24
-25
-26
-24
-24
-26
-27
-28
-30
-30
-30
-33
-36
-39
-38
-38
-38
-38
-38
-41
-44
-44
-44
-44
-45
-44
-44
-44
-44
-44
-45
-32
-16
-10
-9
2
40
67
87
87
88
87
87
75
71
67
64
61
55
54
47
42
38
30
25
21
21
21
21
22
20
29
28
30
29
29
28
20
14
13
13
11
11
10
8
5
4
5
5
6
6
2
2
1
1
-3
-5
-6
-7
-8
-8
-8
-8
-8
-8
-7
-9
-10
-9
-10
-9
-9
-9
-8
-9
-9
-3
2
10
12
36
46
56
68
79
98
105
121
120
113
99
94
90
83
83
79
76
61
56
54
52
49
38
34
32
30
28
18
13
10
-1
-8
-8
-8
-11
-11
-11
-11
-13
-12
-12
-13
-12
-12
-12
-13
-12
-12
-12
-3
3
2
2
-8
-8
-9
-9
-10
-9
-9
-9
-10
-11
-10
-11
-11
-11
-11
-10
-12
-10
-11
-12
-11
-11
-11
-10
-10
-11
-10
-11
-11
-11
-11
-10
-4
4
13
19
43
52
72
78
81
82
84
90
92
91
96
97
98
99
99
100
100
100
102
102
105
105
106
105
105
105
106
105
104
105
104
105
99
96
92
84
77
67
62
57
53
52
46
40
29
25
22
17
17
26
31
38
42
48
55
54
47
30
22
5
-12
-10
-12
-14
-13
-13
-14
-22
-25
-28
-31
-32
-40
-42
-49
-50
-51
-50
-50
-51
-50
-51
-45
-51
-59
-59
-60
-60
-60
-46
-31
-9
2
19
61
68
81
90
95
101
112
128
129
128
125
119
109
105
100
95
98
95
96
89
66
57
39
30
20
9
9
10
9
10
8
9
8
10
9
8
9
20
27
40
45
52
55
54
55
55
44
43
44
39
37
35
34
35
33
25
22
17
14
8
5
2
-8
-8
-10
-11
-11
-13
-12
-12
-12
-13
-13
-13
-13
-13
-13
-12
-14
-13
-14
-13
-13
-14
-14
-14
-17
-22
-22
-22
-13
-12
-11
-10
-11
-9
-8
-9
-8
-9
-9
-10
-9
-9
-8
-8
-8
-10
-8
-9
-8
-9
-11
-9
-10
-10
-8
-10
-9
-10
-9
-8
-7
1
10
17
33
38
53
61
66
69
69
70
69
69
68
70
73
75
75
73
74
74
65
58
44
41
38
39
39
19
4
-9
-12
-13
-14
-15
-13
-14
-13
-13
-15
-16
-15
-14
-14
-14
-13
-14
-14
-14
-14
-14
-14
-14
-13
-14
-15
-14
-14
-14
-14
-15
-13
-14
-14
-13
-14
-15
-14
-14
-14
-16
-13
-8
-8
-8
-7
-8
-8
-8
-8
-7
-8
-8
-8
-8
-8
-8
-7
3
15
24
30
49
64
90
97
101
109
109
109
112
113
112
114
114
111
116
115
115
115
115
115
116
106
105
104
101
98
96
91
92
92
90
90
90
85
84
83
82
78
76
72
69
69
60
60
60
61
59
57
51
50
48
46
43
43
25
21
14
6
6
2
-2
-3
-3
-2
-3
-3
-3
-3
-4
-3
-2
-6
-6
-5
-6
-6
-6
-6
-5
-6
-6
-6
-6
-6
-6
-6
-6
-6
-6
-5
-6
-6
-6
-6
-5
-6
-6
-6
-6
-5
-6
-6
-6
-5
-6
-6
-6
-6
-6
-6
5
11
13
14
14
14
15
16
17
7
-2
-6
-6
-7
-8
-8
-8
-7
-8
-9
-9
-8
-8
-8
-9
-8
-8
-8
-8
-8
-9
-7
-8
-2
-2
-2
2
10
20
28
36
46
45
46
46
46
46
46
41
39
37
38
32
2
4
1
1
1
1
1
1
-2
-3
-4
-5
-7
-7
-6
-8
-6
-6
-7
-7
-7
-7
-8
-6
-6
-8
-16
-29
-33
-36
-40
-42
-42
-42
-2
-2
-1
-3
-3
-17
-6
-3
-2
1
9
9
11
29
47
68
75
78
86
86
98
100
100
104
106
110
114
114
123
123
122
126
127
130
131
120
118
115
111
108
100
100
96
87
81
72
69
54
43
34
28
26
16
12
8
0
-2
-2
-1
-1
-1
-2
-3
-3
-4
-3
-4
-3
-4
-4
-4
-4
-4
-4
-3
-3
-4
-4
-4
-4
-4
-4
-3
-4
-3
-4
-4
-3
-4
-4
-4
-4
-4
-4
-4
-4
-3
-4
4
7
7
7
7
8
7
6
7
10
11
13
12
14
17
17
18
18
21
27
27
27
25
28
29
28
29
28
29
30
28
29
29
24
23
21
19
19
16
14
14
14
14
14
14
15
14
15
14
14
14
14
12
12
12
13
13
13
13
12
12
12
0
1
-2
-3
-4
-4
-4
-4
-4
-4
-3
-3
-5
-4
-4
-4
-4
-3
-4
-4
-3
-4
-4
-4
-4
-4
-4
-4
6
8
12
14
14
15
18
17
20
21
25
28
28
33
38
40
44
46
54
57
62
64
76
81
87
99
105
109
122
110
111
114
114
116
115
115
119
118
127
128
129
131
137
139
140
138
139
132
127
122
115
115
98
86
79
74
68
47
41
37
36
36
33
32
26
24
23
23
22
20
16
14
12
12
11
13
12
12
21
28
28
31
43
52
64
68
70
74
76
89
93
96
96
96
88
80
81
81
77
74
67
71
67
68
64
62
63
62
61
62
61
62
62
62
57
58
55
56
55
60
55
54
61
65
74
79
83
84
87
87
85
84
87
80
79
83
77
76
74
74
74
69
72
70
70
70
67
65
66
68
65
64
66
62
62
60
60
61
56
59
56
57
54
54
53
43
48
50
45
45
39
34
37
25
21
17
17
16
16
16
16
15
16
11
12
12
13
11
11
13
13
12
12
12
12
12
12
19
25
24
28
31
37
45
46
46
44
46
44
45
45
45
46
46
38
34
34
33
33
33
33
32
33
32
33
42
43
43
46
47
62
69
76
79
86
100
106
115
117
117
117
117
116
117
117
110
107
97
93
92
90
89
85
81
78
66
63
48
38
29
20
18
10
4
2
2
1
-2
-4
-3
-4
-4
-3
-4
-5
-4
-4
-6
-6
-6
-5
-7
-7
-7
-4
-6
-6
-6
-6
-6
-6
-6
-6
-6
-5
-6
-6
-6
-6
-6
-5
-6
-6
-6
-5
-6
-6
-6
-6
-5
-7
-6
-7
-5
-6
-6
-6
-5
-7
-6
-5
-4
-6
-5
2
5
6
6
7
-2
-2
-2
-3
-3
-4
-4
-5
-4
-4
-4
-6
-4
-4
-4
-4
-4
-5
-4
-4
-3
-3
-3
-3
-4
-4
-5
-4
-4
-5
-4
-3
-3
-4
-4
-4
-5
-5
-5
-4
-4
-4
-4
-4
-4
-4
-4
-4
-3
-4
-3
-4
-4
-4
-4
-4
-4
-4
-3
-3
-5
-6
-5
-6
-5
-5
-6
-5
-6
-7
-6
-6
-6
-4
-6
-5
-6
-6
-6
-6
-6
-6
-6
-6
-5
-5
-5
-5
-7
-6
-5
-6
-6
-5
-5
-7
-6
-6
-6
-7
-7
-7
-5
-6
-6
-5
-6
-7
-8
-6
-6
-5
-6
-6
-5
-5
-6
-5
-6
-6
-6
-6
-6
-6
-5
-5
-5
-6
-6
-6
-5
-5
-6
-5
-5
-5
-6
-6
-8
-6
-7
-4
-4
-5
-7
-7
-5
-6
-6
-6
-6
-6
-6
-7
-7
-7
-5
-6
-5
-9
-6
-7
-6
-6
-4
-6
-5
-4
-9
-7
-5
-6
-5
-9
-5
-6
-6
-5
-6
-4
-6
-6
-6
-6
-7
-5
-6
-6
-6
-7
-7
-6
-6
-6
-6
-7
-6
-5
-6
-6
-6
-5
-6
-6
-6
-5
-6
-6
-8
-6
-5
-6
-7
-8
-7
-7
-7
-7
-6
-6
-6
-7
-6
-7
-7
-7
-7
-6
-6
-6
-8
-7
-6
-6
-7
-7
-6
-7
-6
-7
-7
-7
-6
-8
-6
-8
-7
-7
-6
-7
-7
-7
-7
-7
-7
-8
-10
-9
-5
-8
-7
-7
-6
-8
-6
-8
-7
-6
-7
-6
-7
-8
-7
-7
-6
-7
-5
-8
-6
2
3
13
11
10
12
13
10
10
4
0
-3
-1
-2
-3
-3
-3
-2
-4
-3
-2
-4
-2
-4
-3
-3
-2
-3
-2
-3
-4
-3
-2
-1
-4
-1
-4
-3
-3
-3
-2
-3
-3
-4
-3
-3
-4
-2
-4
-3
-2
-3
-3
-3
-2
-3
-2
-3
-4
-4
-1
0
-2
-3
5
12
19
24
10
10
10
10
50
-7
17
13
11
8
7
5
5
5
3
4
2
2
2
1
1
1
0
1
0
-2
-2
-2
-1
-2
-2
-2
-2
-2
-1
-3
-2
-1
-1
-2
-2
-2
-1
-1
-2
-3
-2
-1
-2
-3
-2
1
-3
-4
-3
-3
-4
-4
-4
-4
-3
-4
-3
-3
-3
-4
-4
-4
-4
-4
-3
-5
-4
-3
-4
-4
-3
-4
-4
-4
-3
-6
-6
-7
-5
-7
-7
-7
-8
-7
-9
-8
-8
-4
-2
-2
-2
-3
-2
-2
-2
-1
-2
-2
-1
-1
-1
-1
-1
-2
-4
-2
-3
-3
-3
-2
-2
-3
-2
-2
-1
-1
-2
-3
-1
-3
-1
-2
-2
-3
-2
-2
-1
-4
-2
-2
-3
-2
-1
-2
-2
-2
1
2
1
1
3
2
3
0
2
1
2
2
0
0
3
1
1
2
1
-2
1
0
0
1
2
0
2
2
2
2
0
2
6
1
0
0
8
0
1
9
5
-1
0
-1
1
-1
3
2
2
6
6
9
20
9
7
5
0
-28
2
-8
-1
-5
-6
-4
-7
-6
-4
-4
-4
-6
-3
-7
-5
-7
-1
-8
-7
-11
-10
-2
-4
-5
-6
-5
-7
-8
-6
-7
-7
-8
12
-6
-6
-8
-5
-4
-8
-6
-6
-5
-7
-7
-6
-7
-7
-5
-6
-4
-6
-8
-12
-4
-5
-6
-9
-7
-6
-6
-6
-6
-6
-6
-6
-7
-6
-6
-6
-7
-6
-6
-8
-6
-6
-6
-6
5
13
15
22
25
27
37
40
46
46
47
46
46
47
44
49
57
66
67
51
73
76
75
75
76
73
74
74
76
69
69
70
69
69
68
69
68
69
66
63
60
58
57
51
50
43
40
34
31
30
28
24
23
21
19
17
18
18
16
16
16
16
16
16
14
14
10
7
-2
-2
-2
-3
-4
-3
-4
-3
-4
-4
-4
-4
-4
-5
-6
-7
-6
-5
-6
-5
-6
-6
-6
-6
-6
-6
-6
-6
-6
-6
-6
-6
-6
-6
-5
-6
-6
-6
-6
-5
-6
-6
-5
-6
-5
-6
-6
-6
-5
-6
-5
-6
-5
-6
-6
-6
-6
-6
-6
-6
-6
-6
-6
-6
-5
-6
-5
-6
-5
-6
-6
-6
-6
-6
-5
-6
-6
-6
-6
-6
-6
-5
-5
-5
-5
-6
-5
-6
-6
2
2
2
2
3
1
2
3
2
2
2
2
4
3
2
2
1
2
2
2
2
2
1
2
1
2
1
2
2
2
2
1
3
3
2
2
1
2
3
3
2
2
2
2
3
2
1
2
2
3
2
2
3
4
2
3
3
3
3
-6
-7
-6
-6
-5
-6
-6
-6
3
5
2
5
4
-4
-6
-8
-9
-8
-9
-8
-9
-1
-1
-2
-4
-2
-1
-2
-2
-3
-2
-1
-2
-2
-1
8
0
-2
0
1
0
8
8
7
0
9
9
8
9
8
15
14
14
14
15
13
15
14
14
14
14
13
22
21
15
16
16
15
15
23
22
24
22
24
40
46
61
71
79
112
130
158
168
176
185
190
196
202
204
208
208
208
205
202
200
197
185
180
170
151
142
114
100
89
67
58
37
24
23
22
21
21
22
20
21
21
21
21
21
20
22
16
8
-8
-13
-20
-34
-36
-35
-35
-39
-44
-46
-50
-51
-54
-66
-66
-66
-66
-68
-67
-71
-74
-74
-73
-74
-74
-73
-73
-55
-16
-4
19
19
19
19
19
18
19
20
19
20
19
19
21
21
20
21
11
0
-10
-18
-40
-52
-68
-72
-74
-74
-74
-76
-76
-75
-67
-67
-54
-46
-42
-31
-28
-25
-22
-22
-10
-6
10
18
18
18
20
20
19
19
19
18
20
19
19
19
19
21
24
24
22
26
32
36
37
38
38
38
38
38
30
29
25
24
22
22
22
22
22
22
22
21
19
18
18
18
13
7
7
7
18
18
19
19
19
19
20
19
20
20
20
9
8
8
7
5
3
3
3
3
0
0
0
0
-2
-1
-1
0
-1
-2
-1
-2
16
15
15
15
19
19
21
21
20
21
22
20
21
21
21
22
21
21
21
20
22
20
21
21
21
21
8
7
3
-2
-5
-9
-10
-12
-19
-21
-25
-27
-28
-27
-28
-28
-29
-29
-29
-21
-21
-21
-9
-9
-6
-2
3
18
18
17
22
21
20
23
22
23
22
22
22
23
23
22
22
22
22
22
21
22
22
23
22
22
22
22
22
22
22
22
23
22
22
22
22
22
23
23
22
22
22
22
22
24
23
22
22
23
22
33
38
66
80
88
97
98
113
124
129
144
157
179
176
182
194
196
197
206
215
224
225
207
198
198
198
198
192
190
189
181
170
163
159
132
129
127
123
117
111
109
107
99
97
96
91
90
88
86
74
73
69
68
67
65
65
61
49
47
34
23
21
18
15
8
8
8
7
7
2
2
-2
-3
-6
-13
-15
-22
-28
-35
-49
-48
-48
-47
-49
-52
-52
-56
-56
-56
-47
-38
-28
-24
-18
-6
1
11
17
18
18
19
19
21
20
23
22
22
26
27
32
35
35
35
35
34
38
48
42
72
79
83
96
104
110
110
110
111
109
104
102
98
93
90
82
76
73
59
52
35
29
28
22
22
20
20
21
22
21
22
22
20
22
21
22
22
20
22
21
19
20
19
20
20
26
18
21
19
18
20
21
18
20
19
20
20
19
19
20
18
19
19
18
20
19
20
18
19
19
20
18
17
13
13
21
21
24
22
21
25
24
25
24
22
21
25
23
26
24
21
38
38
18
22
23
22
31
35
39
49
53
56
55
61
65
70
75
80
97
101
105
105
108
107
108
106
110
108
108
110
110
111
103
110
102
92
87
82
80
69
69
68
66
66
65
65
65
66
64
62
59
58
56
50
50
50
48
47
44
43
39
39
40
37
34
33
30
31
28
30
26
23
22
22
22
22
21
21
21
22
21
19
20
19
20
20
19
19
19
19
19
20
20
19
20
19
20
18
18
19
18
18
18
18
18
18
18
18
18
19
18
18
18
18
19
18
18
18
18
18
18
17
20
18
18
17
18
18
18
18
18
18
16
8
-3
-3
-3
-4
6
18
19
19
19
21
21
21
22
23
22
22
22
22
22
22
23
23
22
23
22
23
23
22
24
23
24
24
29
37
45
53
53
66
68
69
68
68
68
66
68
60
50
50
46
40
38
37
33
35
34
31
25
22
23
23
22
23
19
18
18
19
19
18
18
19
18
18
17
18
18
18
18
18
19
18
18
18
18
19
18
18
18
18
18
18
18
18
18
18
18
18
18
18
18
18
19
17
17
18
19
17
19
18
18
19
18
18
18
19
18
18
18
18
17
19
18
19
17
18
19
18
18
19
17
18
18
18
18
18
18
18
18
18
18
18
18
18
19
19
18
18
18
18
18
18
15
18
18
18
20
18
16
18
17
18
19
19
18
18
18
18
20
18
19
20
17
18
17
17
18
18
18
18
18
17
17
25
24
26
26
25
29
32
41
45
60
66
65
66
66
66
65
61
53
50
48
45
40
33
34
32
28
23
22
21
22
22
21
22
22
22
21
21
22
20
20
20
18
18
17
17
15
15
16
15
16
15
15
16
14
15
15
16
15
15
15
15
15
15
14
15
16
15
15
15
16
15
22
22
22
23
22
22
23
22
22
22
22
22
22
22
22
22
22
22
23
22
22
23
22
23
22
22
22
22
22
23
22
22
23
22
22
23
22
24
23
23
23
23
23
23
23
23
23
23
24
23
23
23
26
23
22
25
25
26
24
25
24
24
24
24
23
26
25
25
25
25
25
25
26
26
24
26
25
26
25
26
25
25
25
25
25
26
24
26
25
26
23
26
26
25
24
25
26
25
25
25
26
25
26
25
25
26
25
25
25
25
27
25
25
26
26
25
24
25
25
25
26
26
26
25
25
25
25
24
26
24
26
25
25
25
25
25
26
25
25
25
24
25
25
25
25
25
25
25
25
24
26
25
26
25
26
25
25
25
25
25
24
25
25
26
25
26
24
26
26
26
25
25
25
26
25
25
25
25
25
24
25
25
25
25
25
25
25
26
26
25
26
25
25
25
24
26
24
25
24
25
25
25
26
25
26
25
25
26
26
25
25
26
25
25
26
25
25
26
25
25
25
25
25
17
18
18
16
17
16
18
17
18
17
16
17
17
17
17
17
18
16
18
17
18
17
18
17
17
17
16
17
16
17
17
17
16
18
17
17
17
18
17
18
17
17
16
17
17
16
18
17
18
17
18
16
18
17
18
18
18
17
17
17
16
16
17
18
16
17
18
17
16
17
17
17
18
17
17
17
18
16
16
16
17
17
17
18
16
18
17
17
17
17
17
18
17
18
17
16
17
17
17
17
18
17
17
16
18
17
18
17
18
17
17
17
17
17
17
18
17
17
17
18
17
18
16
17
17
16
17
17
17
17
18
17
17
16
18
18
17
17
17
16
18
17
18
23
23
24
23
23
23
23
23
23
22
23
22
23
24
23
23
23
23
23
22
22
23
22
23
23
23
23
23
23
22
23
23
23
24
23
22
22
23
23
23
23
23
23
22
23
23
23
24
23
23
23
22
23
22
24
23
23
22
23
23
23
23
24
23
24
23
23
23
23
24
24
22
24
23
24
23
24
23
23
23
22
23
23
23
22
24
26
25
25
24
25
25
25
25
26
26
26
24
25
24
26
26
25
26
25
26
25
26
25
26
25
25
25
25
25
25
25
25
25
25
25
26
25
25
26
25
26
26
25
25
25
25
25
25
25
25
24
25
25
26
26
26
26
25
26
25
25
25
25
25
26
25
24
26
24
25
28
31
31
31
33
33
35
39
41
53
54
56
56
56
45
41
35
22
22
21
20
21
20
22
18
20
18
20
19
20
19
19
19
19
19
19
19
19
19
19
19
20
19
18
19
19
19
19
20
18
19
19
20
19
19
19
20
19
19
19
19
19
19
20
19
20
19
20
19
20
19
20
19
19
19
19
19
19
20
19
20
19
20
19
20
19
20
19
20
19
19
19
19
19
19
19
19
19
20
19
19
19
19
19
20
19
20
19
19
19
19
19
21
19
19
18
19
19
21
20
20
19
19
18
19
19
19
20
20
20
19
20
19
19
19
20
19
19
21
19
19
19
18
19
19
18
19
19
19
19
20
20
19
20
19
19
19
19
19
19
19
19
20
19
19
19
20
19
19
19
19
19
20
19
18
20
18
19
18
18
18
19
18
20
19
18
20
19
20
18
18
18
20
19
20
18
13
18
18
18
18
17
18
17
18
18
18
17
16
20
17
18
20
19
18
18
19
18
20
20
-22
3
37
37
37
16
13
13
13
19
24
24
13
15
19
7
16
20
20
20
19
21
19
18
19
19
19
19
19
19
19
20
18
18
18
18
19
18
19
19
19
18
19
18
19
18
16
18
17
18
18
18
17
18
18
18
19
18
18
18
20
18
18
19
18
18
16
18
17
19
18
20
19
27
17
20
19
17
18
19
19
19
19
18
19
18
19
18
17
17
16
18
18
18
18
18
18
19
18
21
19
18
18
18
17
18
18
18
17
18
17
18
18
18
19
17
17
18
18
18
18
17
18
18
18
19
18
18
18
18
17
18
17
17
17
17
17
18
17
17
18
17
18
16
18
16
16
17
16
17
19
17
17
17
18
17
16
16
16
17
16
17
17
18
17
17
18
17
18
16
15
14
15
16
15
16
15
16
15
14
15
14
15
15
15
14
15
15
15
15
15
14
15
15
16
14
15
14
16
15
16
16
15
16
15
15
14
15
15
16
14
16
16
15
15
15
15
15
16
15
14
16
16
15
15
16
15
16
16
15
16
16
23
23
20
23
22
23
22
22
23
25
22
22
22
24
22
22
23
21
23
23
23
23
23
22
22
22
23
23
22
22
22
22
23
23
22
22
22
22
22
22
23
21
23
21
22
22
23
22
22
22
22
22
22
22
22
23
22
22
23
22
20
22
22
22
22
22
22
22
22
22
22
22
22
22
22
22
22
22
21
22
21
22
23
22
22
23
21
22
22
22
22
24
23
22
22
22
23
22
22
24
21
21
22
23
22
22
23
22
22
23
22
23
22
23
23
22
22
22
22
22
22
23
22
21
23
22
22
22
23
16
13
13
13
12
13
12
12
12
13
12
13
12
12
12
11
10
11
10
11
11
11
10
10
10
11
10
11
10
9
11
10
18
17
18
18
18
17
18
18
18
18
18
18
19
18
18
18
18
18
17
19
20
19
19
20
19
19
18
20
21
24
20
21
23
23
23
23
20
21
22
21
21
21
21
23
20
19
22
21
31
31
20
23
21
20
23
21
21
21
21
21
22
21
22
20
21
21
20
20
22
20
21
21
21
22
22
21
22
21
22
21
21
22
20
6
3
2
-1
-3
-1
19
19
21
21
20
21
22
21
21
21
22
20
22
21
21
21
21
22
21
21
21
21
21
22
20
21
20
21
21
10
7
2
4
4
4
4
3
3
3
3
-1
-1
-1
-1
0
-1
0
-1
-1
0
-1
0
0
0
0
0
0
-1
0
-1
-1
0
-1
-2
-2
-2
-2
-2
-3
-2
-3
-2
-3
-4
-5
-4
-5
-5
-5
-4
-6
-5
-4
-6
-5
-6
-6
-6
-6
-6
-6
16
18
21
21
21
21
21
21
21
21
21
22
21
22
20
22
22
22
21
20
21
22
21
21
21
22
22
21
22
22
20
21
22
21
21
21
22
22
22
22
21
21
22
22
21
21
22
22
21
22
20
20
23
21
21
27
22
22
23
23
23
21
22
22
23
21
22
23
23
23
22
22
23
23
23
26
22
23
23
21
24
25
23
22
22
22
22
21
23
22
23
22
22
22
22
22
16
16
15
15
16
12
11
9
10
10
17
19
18
19
18
18
18
19
19
19
19
20
19
19
20
22
22
23
22
22
23
22
22
23
22
22
22
22
23
22
22
22
23
22
23
21
22
23
22
21
22
22
22
23
22
22
22
22
22
22
22
23
22
23
22
23
22
22
24
22
22
23
22
23
22
22
23
23
23
22
23
22
23
22
22
22
22
22
22
21
23
22
22
23
23
22
22
23
22
23
22
22
22
22
22
22
23
23
22
22
22
22
22
22
22
22
23
22
23
22
22
22
22
23
22
22
22
21
22
22
22
22
21
22
22
23
22
22
15
15
16
14
16
15
16
16
15
15
15
16
15
15
15
16
15
14
15
16
15
15
16
16
15
15
15
15
15
15
15
14
15
15
16
14
15
15
15
15
15
15
15
15
15
16
15
15
15
15
15
15
15
15
15
15
16
15
14
16
15
15
15
15
15
14
16
15
15
16
16
15
16
15
16
15
15
15
14
14
15
14
15
15
16
15
15
15
15
14
15
16
15
16
15
16
15
14
16
14
16
15
22
22
22
22
23
22
22
22
23
24
24
21
24
23
23
23
24
24
24
23
22
24
24
23
22
24
24
24
23
24
23
23
22
22
23
23
23
24
23
23
24
23
22
23
26
26
25
25
25
26
24
25
25
26
25
24
25
25
25
26
26
25
26
24
25
25
25
25
26
25
26
25
26
25
25
25
26
25
24
25
25
25
26
24
25
24
25
25
25
26
25
25
25
25
24
25
25
25
26
25
26
24
24
25
26
25
26
25
25
25
25
25
25
25
26
26
25
25
26
25
26
25
25
25
24
25
27
26
26
27
26
27
27
27
27
28
27
27
27
27
27
27
28
27
27
28
27
28
27
27
31
34
35
36
35
35
35
35
29
27
22
22
21
20
19
20
19
19
19
19
19
20
20
18
19
18
20
19
19
20
19
20
19
20
20
19
20
19
19
19
20
19
20
19
19
19
20
20
20
19
19
19
18
19
19
19
18
18
20
18
20
20
20
20
19
19
19
19
19
19
20
19
20
19
18
19
18
19
19
19
20
20
19
20
19
18
20
19
20
20
19
18
18
19
18
18
17
17
18
14
12
12
7
7
3
-1
-1
0
-3
-1
-2
-2
-1
-2
-2
-2
6
8
8
8
9
9
7
9
8
8
17
18
18
18
18
19
19
20
19
20
21
22
21
21
21
21
20
21
21
21
21
21
22
21
22
21
22
21
22
21
20
21
20
21
22
21
13
7
6
5
-1
0
-2
-2
-2
-1
-2
-1
-2
-2
-2
-2
6
8
12
17
17
18
19
19
19
20
21
20
21
21
21
22
21
21
21
21
21
21
21
21
22
21
20
21
21
21
21
21
21
21
21
21
21
22
22
23
24
23
24
23
23
23
23
23
23
24
23
23
23
23
23
22
24
23
23
23
23
24
23
24
23
23
23
24
23
23
23
23
23
23
23
23
23
23
24
23
23
23
24
23
23
25
25
25
26
24
25
25
25
26
25
26
25
25
25
25
25
25
24
26
26
25
25
26
26
26
26
26
24
25
25
25
25
25
24
26
24
17
18
18
18
18
17
16
16
15
15
15
15
16
21
22
24
26
31
33
33
33
34
34
33
34
34
33
35
34
34
34
35
35
36
35
36
30
23
24
21
21
21
21
21
20
19
19
18
20
18
18
18
17
18
18
18
18
17
18
18
18
18
18
18
19
18
18
18
18
18
18
17
18
19
18
18
18
18
18
18
18
18
18
18
18
17
18
17
18
17
19
17
18
17
17
17
18
16
17
18
17
17
17
18
17
18
18
17
18
17
16
23
24
24
23
24
23
23
23
23
23
24
23
24
23
22
23
22
23
23
25
23
23
24
23
23
24
23
23
22
23
23
23
24
24
23
23
23
23
24
24
23
24
17
17
17
17
17
17
17
17
17
16
18
18
17
16
18
19
18
17
17
17
18
18
17
18
17
18
17
17
26
23
23
23
23
23
24
24
23
24
24
24
23
24
24
23
23
23
23
23
23
23
23
24
24
34
42
58
65
70
72
72
85
90
91
92
91
86
82
75
71
68
66
66
67
66
69
66
67
66
60
50
30
23
21
22
21
22
20
22
21
21
21
22
20
22
21
21
21
22
22
21
21
20
21
21
22
21
22
21
21
20
21
22
21
20
19
18
20
20
19
20
20
20
20
19
19
19
19
18
18
18
18
18
18
18
25
25
25
25
24
26
26
26
26
25
25
26
26
25
26
25
25
24
25
26
25
26
25
25
25
26
25
26
25
26
26
26
19
19
19
19
18
19
18
18
18
18
19
18
19
18
18
18
18
18
19
18
18
18
19
19
18
18
18
18
18
18
20
18
18
18
18
18
16
18
16
17
17
17
17
17
17
17
17
17
16
17
18
17
17
17
18
17
17
17
17
17
23
23
23
24
23
23
23
23
23
22
23
24
23
22
23
22
23
24
26
36
35
35
35
36
35
30
24
24
23
22
23
22
19
20
19
20
20
19
20
20
20
18
18
18
19
18
16
15
15
15
13
12
12
13
12
13
13
11
12
13
12
19
21
22
22
23
16
14
21
22
23
23
23
17
17
18
17
18
17
18
17
16
17
16
17
18
17
16
17
17
17
17
17
18
17
17
18
17
17
17
18
17
16
17
16
17
16
17
18
17
18
17
17
17
16
17
18
18
18
17
18
17
17
17
18
17
17
16
17
16
15
15
17
15
15
14
22
22
22
22
22
22
22
22
22
22
22
22
22
22
22
22
23
22
22
22
23
21
23
22
23
22
22
21
22
23
23
22
22
22
23
25
23
24
27
31
31
30
33
32
35
38
41
42
46
56
61
76
81
89
107
115
129
131
131
130
132
133
134
137
139
138
140
141
143
142
142
142
134
131
130
128
127
127
127
126
126
126
126
126
124
127
127
126
132
135
143
150
148
144
138
134
110
93
68
44
20
19
19
19
19
17
19
19
19
17
17
12
6
-13
-13
-14
-15
-14
10
22
34
35
36
35
36
39
42
45
45
45
48
51
56
63
63
63
62
62
58
54
49
46
39
33
23
22
21
19
19
19
19
20
19
19
20
18
19
8
0
0
-2
-2
-3
-2
-3
-2
-3
5
7
7
8
8
2
-10
-20
-30
-35
-40
-40
-39
-43
-44
-45
-44
-45
-44
-45
-44
-45
-44
-45
-45
-35
-32
-22
-10
-2
8
8
19
20
19
19
21
21
22
21
22
22
20
22
22
23
22
22
23
22
23
22
22
24
24
23
24
25
24
25
25
25
25
25
26
25
25
18
18
18
18
19
19
19
20
18
19
19
26
37
40
41
42
42
46
45
45
54
61
70
76
82
96
103
112
112
112
104
105
105
105
100
95
86
72
69
59
56
57
68
72
73
73
73
73
74
66
58
48
27
22
18
18
17
16
15
16
16
15
22
31
49
54
62
78
80
81
81
80
71
70
63
58
48
46
45
41
39
39
38
36
26
22
19
18
18
9
3
-4
-5
-9
-13
-12
-12
-12
-13
-4
4
17
19
19
22
21
24
23
23
23
23
23
22
23
23
24
23
24
23
24
23
23
23
34
37
38
44
46
48
48
61
76
79
98
107
114
122
123
128
131
134
151
164
180
190
206
236
248
253
252
247
247
248
238
232
224
215
202
162
135
102
98
105
171
197
235
250
270
315
334
394
420
443
491
504
531
541
543
536
534
530
526
524
517
517
526
521
518
532
536
536
536
537
527
522
518
518
517
516
512
507
504
505
504
504
505
503
496
495
492
490
489
486
484
484
481
479
477
477
474
470
469
480
481
482
481
481
482
482
481
472
469
465
466
466
466
466
465
466
465
465
464
463
472
474
475
475
475
475
480
484
483
473
464
438
410
375
296
245
30
-6
32
21
22
21
22
21
21
21
22
21
22
21
22
18
19
20
19
20
18
19
19
19
19
19
19
18
20
19
20
19
19
19
19
19
19
19
18
19
18
19
18
19
20
19
19
19
20
18
20
19
20
19
19
19
19
19
19
20
19
20
19
20
19
19
19
20
19
20
19
19
19
19
19
19
19
18
19
18
20
19
19
19
19
19
18
20
18
19
19
19
19
19
19
19
19
19
20
19
20
19
20
19
20
18
19
19
19
19
19
19
19
20
19
20
19
20
19
20
19
20
19
18
19
18
19
19
20
18
19
18
19
19
19
20
19
19
19
19
19
19
19
19
19
19
19
19
20
19
20
19
20
19
20
19
20
19
20
19
19
19
19
19
19
20
19
20
19
20
19
20
19
20
19
19
19
19
19
18
19
18
19
19
19
20
19
20
19
20
19
20
19
20
19
20
19
19
19
19
19
19
