-12
-11
-12
-12
-12
-11
-11
-11
-11
-11
-10
-11
-10
-11
-11
-12
-11
-10
-11
-10
-11
-11
-10
-11
-10
-11
-10
-11
-10
-11
-11
-11
-11
-10
-11
-11
-11
-11
-11
-11
-10
-11
-10
-11
-10
-11
-10
-11
-10
-11
-12
-11
-12
-11
-11
-10
-11
-11
-11
-11
-11
-11
-10
-11
-10
-11
-10
-11
-10
-11
-10
-11
-11
-11
-11
-11
-11
-10
-12
-10
-12
-11
-11
-9
-9
-9
-8
-9
-8
-9
-8
-9
-9
-9
-9
-9
-9
-9
-9
-8
-9
-8
-9
-8
-9
-8
-9
-8
-9
-9
-9
-10
-9
-10
-9
-9
-9
-10
-9
-8
-9
-8
-9
-8
-9
-8
-9
-8
-9
-9
-9
-9
-9
-9
-8
-9
-8
-9
-8
-9
-8
-9
-8
-9
-9
-9
-10
-9
-10
-9
-10
-9
-9
-9
-9
-9
-8
-9
-8
-9
-8
-9
-8
-9
-8
-9
-9
-9
-9
-9
-9
-8
-9
-8
-9
-8
-9
-8
-9
-9
-9
-9
-9
-10
-8
-9
-8
-9
-9
-9
-9
-9
-9
-8
-9
-8
-9
-8
-9
-8
-9
-8
-9
-9
-9
-9
-9
-9
-8
-9
-8
-9
-8
-9
-8
-9
-9
-9
-10
-8
-9
-8
-9
-8
-9
-9
-9
-9
-9
-9
-8
-9
-8
-9
-8
-9
-8
-9
-8
-9
-9
-9
-9
-9
-9
-8
-9
-9
-10
-9
-9
-9
-9
-9
-9
-9
-9
-9
-8
-9
-9
-9
-9
-9
-9
-9
-9
-8
-9
-8
-9
-8
-9
-8
-9
-8
-9
-9
-9
-9
-9
-9
-9
-9
-9
-10
-9
-9
-9
-8
-9
-8
-9
-8
-9
-8
-9
-9
-9
-9
-9
-9
-8
-9
-8
-9
-8
-9
-8
-9
-8
-9
-8
-9
-9
-9
-9
-9
-10
-9
-9
-9
-9
-9
-8
-9
-8
-9
-8
-9
-8
-9
-8
-9
-9
-9
-9
-9
-9
-8
-9
-8
-9
-8
-9
-8
-9
-8
-9
-8
-9
-10
-9
-10
-9
-9
-9
-9
-8
-9
-8
-9
-8
-9
-8
-9
-10
-9
-10
-9
-10
-9
-10
-9
-9
-9
-8
-9
-8
-9
-8
-9
-8
-9
-8
-9
-9
-9
-9
-9
-9
-9
-9
-8
-9
-8
-9
-8
-9
-9
-8
-9
-8
-9
-8
-9
-8
-9
-9
-9
-9
-9
-9
-8
-9
-8
-9
-8
-9
-8
-9
-8
-9
-9
-9
-10
-9
-10
-9
-10
-9
-9
-9
-10
-8
-9
-8
-9
-9
-10
-9
-10
-9
-9
-8
-9
-9
-9
-9
-9
-8
-9
-8
-9
-8
-9
-8
-9
-8
-9
-9
-9
-9
-9
-9
-8
-9
-8
-9
-9
-8
-9
-8
-9
-9
-9
-9
-9
-9
-9
-9
-9
-8
-9
-8
-8
-9
-9
-9
-8
-8
-9
-9
-9
-9
-8
-9
-9
-9
-9
-9
-9
-8
-9
-9
-9
-9
-9
-9
-8
-9
-8
-9
-8
-9
-8
-9
-8
-9
-9
-9
-9
-9
-9
-8
-9
-8
-9
-8
-9
-9
-9
-9
-9
-10
-9
-10
-9
-10
-9
-9
-9
-9
-9
-9
-9
-8
-9
-8
-9
-8
-9
-8
-9
-9
-9
-9
-9
-9
-9
-9
-8
-9
-9
-9
-9
-9
-8
-9
-8
-8
-9
-8
-9
-8
-9
-9
-9
-9
-9
-9
-8
-9
-8
-9
-8
-9
-9
-8
-9
-8
-9
-8
-9
-8
-9
-9
-9
-9
-9
-9
-9
-9
-8
-9
-8
-9
-9
-9
-8
-9
-9
-9
-8
-8
-10
-8
-9
-9
-9
-9
-59
-63
-64
-65
-72
-101
-103
-94
-67
-41
-10
-3
17
42
21
-8
1
1
7
10
10
11
0
0
-4
-9
-11
-11
-11
-11
-10
-11
-12
-11
-12
-12
-12
-13
-12
-12
-12
-13
-13
-13
-13
-13
-13
-12
-13
-12
-13
-12
-1
3
7
9
8
-10
-12
-13
-13
-13
-13
-13
-13
-13
-12
-12
-13
-12
3
17
6
-2
-5
-4
-4
-13
-13
-15
-15
-16
-16
-16
-15
-16
-16
-16
-9
-8
-9
-9
-9
-9
-9
-9
-9
-9
-9
-9
-8
-9
-8
-9
-8
-9
-9
-9
-8
-9
-9
-9
-9
-9
-10
-9
-10
-9
-8
-9
-8
-9
-9
-8
-9
-8
-9
-8
-9
-9
-9
-9
-8
-8
-8
-8
-8
-9
-9
-9
-8
-8
-8
-8
-8
-8
-8
-8
-8
-8
-8
-8
-7
-6
-7
-7
-7
-8
-7
-8
-8
-7
-8
-7
-8
-7
-7
-7
-7
-7
-8
-7
-8
-8
-6
-7
-8
-7
-8
-7
-8
-7
-7
-7
-6
-7
-6
-7
-7
-7
-7
-7
-8
-7
-6
-8
-7
-7
-4
-4
-4
-5
-4
-4
-4
-4
-4
-5
-5
-5
-5
-4
-4
-4
-5
-4
-3
2
8
7
7
7
6
7
7
7
6
6
7
7
14
15
16
17
16
17
17
17
17
18
17
18
16
18
17
18
17
17
17
18
17
18
17
16
18
22
24
25
24
24
26
24
30
34
37
44
45
45
44
44
44
47
51
52
52
52
53
53
52
48
45
43
40
40
40
38
38
38
37
34
34
34
34
34
34
33
34
40
43
51
55
56
60
61
61
61
60
62
62
74
78
84
93
103
110
111
118
121
124
126
130
132
134
133
135
134
148
155
158
161
162
164
164
164
164
167
173
174
175
184
192
199
205
208
215
219
229
234
237
238
238
232
224
219
204
190
160
145
112
98
79
44
35
22
17
15
6
2
-5
-8
-9
-9
-11
-11
-11
-12
-12
-12
-13
-12
-14
-13
-13
-13
-13
-12
-13
-12
-12
-13
-13
-13
-12
-13
-12
-13
-12
-13
-12
-13
-13
-14
-13
-7
-6
-7
-4
-1
-1
-1
-8
-7
-8
-9
-11
-11
-12
-11
-11
-10
-13
-13
-14
-12
-13
-12
-13
-13
-13
-13
-14
-14
-14
-8
-1
3
3
3
5
7
26
32
60
71
77
78
78
70
69
69
69
69
59
56
54
48
48
48
49
48
39
35
27
16
5
-9
-10
-11
-10
-11
-11
-11
-11
-11
-10
-11
-12
-11
-12
-4
3
5
7
6
7
6
6
9
12
12
10
12
11
11
11
12
11
12
11
12
21
26
31
22
20
20
21
30
30
30
31
30
30
30
39
40
39
39
41
40
34
27
19
20
19
20
19
18
26
40
46
48
47
47
38
34
32
26
22
19
18
13
12
9
8
8
2
1
-1
-4
-4
5
6
6
5
-1
-2
-1
-1
-1
-1
-1
-3
-8
-8
-8
-2
-2
2
3
5
5
5
5
4
6
12
13
14
13
13
2
-2
-10
-10
-10
-12
-11
-3
2
4
-4
-6
-8
-8
-8
8
17
29
32
32
32
32
32
32
32
21
20
16
17
24
34
40
47
45
33
30
29
29
29
28
29
29
29
30
29
28
29
37
37
38
37
37
36
37
37
38
31
28
30
30
30
29
27
27
22
21
19
20
20
20
20
20
25
32
38
37
39
40
39
42
42
42
42
36
36
34
36
35
35
34
35
36
33
26
19
16
12
18
26
20
19
19
19
18
19
19
27
29
28
30
29
29
30
20
16
16
14
13
14
13
13
13
12
11
11
12
20
22
25
26
29
30
30
30
30
30
19
21
20
18
19
18
16
16
26
30
29
29
28
30
29
21
20
21
20
17
17
17
16
18
17
17
18
16
16
16
17
16
27
34
38
38
38
47
50
54
55
54
55
55
64
66
69
70
69
69
61
60
60
61
46
34
27
27
35
28
25
26
26
26
24
21
16
16
16
16
16
13
14
13
13
13
23
27
33
34
34
35
38
43
43
43
44
43
43
42
43
44
37
35
34
32
26
25
25
20
8
-1
-1
11
10
11
16
20
19
12
8
3
1
0
-4
-9
-10
-8
2
2
4
3
3
4
2
7
20
22
27
26
26
28
32
38
38
38
39
40
44
45
46
47
48
55
57
60
63
67
69
69
59
59
66
74
76
75
77
82
89
90
92
92
91
91
92
91
91
92
83
81
78
79
79
94
97
107
112
125
143
144
146
146
146
140
139
133
130
128
128
125
120
117
110
108
104
99
94
91
92
90
64
54
43
43
39
37
36
35
33
29
27
26
33
35
36
35
36
42
42
42
36
34
34
42
47
52
57
61
60
61
60
61
63
65
67
68
70
69
68
69
68
69
64
61
62
62
62
68
68
71
73
75
83
91
92
93
87
80
82
90
91
93
93
94
96
98
97
96
98
98
97
102
104
105
109
109
109
109
111
110
110
102
100
95
90
88
90
89
89
89
89
90
96
96
100
101
93
89
88
82
79
75
76
76
77
76
75
74
74
68
67
66
67
68
67
68
67
66
60
58
58
66
69
69
71
70
64
65
66
62
62
61
60
58
55
52
43
39
37
37
34
32
32
32
32
32
33
32
31
31
32
33
39
39
43
47
46
47
51
56
56
58
58
58
59
58
57
58
59
58
60
59
59
59
60
61
62
62
61
61
62
63
62
61
62
56
56
56
56
56
54
54
50
38
37
38
38
46
48
48
50
49
49
48
48
50
52
55
58
62
64
65
64
65
64
66
65
68
68
66
66
67
68
67
67
68
68
68
69
69
56
55
56
57
57
62
62
62
63
62
57
57
57
57
57
56
56
54
54
54
54
54
54
52
52
51
52
52
49
50
51
49
50
50
50
50
50
50
49
50
51
51
47
41
30
26
26
25
24
22
21
22
22
30
30
31
38
40
44
50
52
54
58
63
69
70
72
74
74
75
74
74
74
73
69
66
64
66
65
66
65
65
66
64
65
66
66
64
71
80
82
89
91
100
104
115
126
128
129
127
131
136
137
127
127
128
128
128
127
127
127
128
127
127
127
126
126
125
127
127
127
127
126
127
126
126
127
126
123
122
120
121
122
120
118
117
116
116
116
117
117
117
113
112
112
113
112
112
112
112
120
126
128
126
126
120
115
111
106
103
95
88
82
70
64
60
59
59
59
58
58
59
64
74
78
83
86
94
99
102
110
112
114
113
115
115
118
120
122
121
130
132
135
138
141
143
143
142
147
145
144
145
144
143
145
147
147
145
147
146
146
146
146
145
146
146
149
149
151
156
160
162
162
162
163
163
168
170
169
169
169
170
170
169
162
159
159
155
153
152
152
149
147
148
139
128
126
123
122
119
119
121
121
131
119
121
121
119
119
121
120
120
119
120
120
120
119
120
119
118
117
110
110
110
104
103
102
100
97
90
87
80
74
66
54
52
49
42
38
33
26
19
19
17
8
7
7
7
6
5
4
2
-3
-10
-9
-8
-11
-11
-13
-12
-14
-14
-14
-15
-14
-13
-14
-14
-14
-14
-14
-14
-13
-14
-14
-12
-14
-13
-14
-14
-14
-14
-14
-14
-14
-16
-17
-16
-18
-22
-23
-22
-24
-22
-23
-22
-22
-22
-23
-25
-27
-28
-27
-29
-30
-30
-30
-21
-20
-20
-21
-21
-27
-27
-27
-31
-31
-32
-37
-40
-38
-38
-38
-32
-33
-31
-31
-30
-31
-28
-19
-11
-13
-10
-9
-4
-1
2
3
3
3
4
3
3
3
3
2
-6
-4
-4
-5
-5
-4
-7
-10
-9
-9
-9
-11
-12
-11
-12
-12
-10
-10
2
2
12
19
22
24
25
27
26
27
27
25
26
26
25
26
25
26
26
21
18
18
18
18
14
10
6
-1
-2
-8
-8
-9
-8
-8
-10
-10
-11
-11
-12
-11
-11
-11
-13
-13
-14
-14
-18
-22
-22
-23
-24
-22
-22
-23
-23
-23
-13
-14
-13
-14
-12
-11
-11
-12
-10
-10
0
1
5
10
14
16
17
16
17
17
18
17
17
17
19
25
27
26
25
28
33
33
32
35
37
38
38
39
38
39
37
38
38
37
39
38
39
43
47
50
48
49
49
50
50
49
50
38
32
20
6
-2
-11
-11
-11
-11
-11
-14
-13
-14
-21
-27
-36
-40
-44
-52
-55
-57
-57
-59
-59
-62
-61
-60
-60
-60
-59
-59
-59
-53
-53
-52
-50
-48
-49
-48
-45
-33
-26
-13
-11
-11
-8
-8
-7
-6
-7
-5
-4
2
7
8
14
17
23
25
25
28
27
30
32
31
31
30
32
33
34
33
34
35
35
35
35
36
35
34
28
28
22
21
21
20
21
22
20
20
17
18
16
17
16
16
16
16
17
18
18
16
16
7
3
-4
-8
-9
-11
-12
-11
-11
-11
-10
-12
-11
-11
-13
-13
-12
-12
-12
-11
-12
-11
-12
-13
-12
-12
-13
-13
-12
-11
-12
-12
-12
-12
-13
-13
-13
-12
-12
-13
-12
-14
-12
-12
-13
-12
-12
-12
-13
-12
-11
-11
-11
-12
-5
-3
-3
0
2
2
2
3
3
4
4
3
2
3
-4
-5
-6
-5
-4
-5
-4
-4
-6
4
4
4
5
5
5
5
4
6
6
5
4
5
6
5
4
5
4
6
6
4
4
5
5
6
-4
-6
-7
-6
-8
-7
-7
-8
-8
-8
-8
-8
-6
-7
-8
-8
-8
-8
-9
-9
-8
-7
-8
-7
-8
-7
-8
-8
-8
-8
-8
-7
-8
-8
-8
-8
-9
-10
-14
-14
-13
-13
-14
-14
-15
-14
-26
-26
-27
-27
-28
-27
-27
-28
-27
-28
-27
-28
-27
-27
-28
-30
-28
-29
-30
-28
-30
-31
-30
-30
-30
-30
-33
-23
-22
-13
-12
-9
-12
-11
-12
-12
-12
-11
-12
-10
-11
-11
-11
-10
-9
-9
-8
-10
-8
-9
-10
-8
-10
-9
-8
-10
-9
-8
-9
-9
-8
-8
-7
-8
-6
-7
-7
-7
-7
-7
-6
-7
-8
-6
-8
-6
-4
-1
-1
0
-1
-1
0
0
-1
0
-2
0
-1
0
-1
0
0
-1
-1
-1
-8
-9
-7
-8
-7
-8
-8
-8
-8
-8
-8
-8
-8
-8
-7
-8
0
0
-2
-1
0
3
8
11
13
16
20
33
38
39
40
40
40
32
23
12
11
10
9
8
6
7
7
7
3
3
3
2
2
3
2
3
3
3
2
3
2
2
2
1
2
2
3
3
3
2
2
2
-1
-4
-5
-3
-7
-7
-8
-8
-7
-10
-11
-10
-12
-10
-11
-11
-12
-11
-11
-11
-11
-3
-4
-4
-3
-4
-4
-3
-4
-4
-4
-4
-4
-4
-3
-4
-4
-4
-5
-4
-4
-4
-4
-4
-3
-3
-3
0
2
1
1
1
1
1
1
1
0
2
1
0
2
2
1
2
2
2
1
2
1
3
2
2
2
2
2
2
3
4
5
7
10
17
23
34
38
50
55
56
55
56
56
56
56
46
46
43
39
38
38
37
27
19
8
-9
-12
-14
-16
-16
-16
-16
-18
-17
-18
-23
-25
-31
-33
-34
-35
-34
-34
-35
-34
-35
-35
-26
-24
-16
-12
-13
-12
-12
-12
-11
-11
-11
-11
-9
-7
-8
-8
-9
-9
-9
-10
-9
-8
-9
-8
-10
-10
-9
-9
-9
-9
-8
-9
-8
-8
-9
-9
-8
-9
-8
-8
-8
-9
-9
-9
-8
-8
-8
-9
-8
-9
-8
-9
-9
-8
-9
-9
-8
-8
-8
-8
-6
-8
-8
-9
-9
-8
-8
-8
-8
-9
-8
-8
-8
-10
-8
-7
-8
-8
-8
-8
-8
-8
-8
-8
-8
-8
-8
-8
-7
-8
-8
-8
-9
-8
-7
-8
-8
-7
-8
-8
-8
-8
-8
-8
-8
-8
-8
-7
-7
-8
-8
-7
-7
-8
-8
-8
-8
-8
-7
-8
-7
-8
-8
-9
-8
-8
-8
-7
-8
-7
-8
-8
-8
-8
-8
-8
-7
-8
-8
-8
-8
-8
-8
-8
-8
-8
-8
-7
-8
-8
-7
-8
-8
-8
-8
-8
-8
-7
-8
-8
-8
-8
-9
-8
-8
-8
-8
-8
-7
-8
-8
-8
-7
-8
-7
-8
-8
-8
-7
-8
-8
-8
-7
-8
-7
-8
-8
-8
-7
-7
-8
-8
-8
-8
-8
-8
-8
-8
-8
-8
-8
-7
-8
-8
-8
-8
-8
-8
-7
-8
-8
-8
-7
-8
-8
-8
-8
-8
-8
-8
-16
-16
-18
-18
-22
-26
-30
-29
-30
-30
-31
-30
-31
-32
-32
-32
-32
-31
-31
-32
-32
-32
-32
-33
-33
-32
-33
-33
-33
-16
-13
-12
-13
-12
-12
-14
-12
-12
-11
-10
-10
-11
-11
-10
-11
-11
-11
-10
-10
-11
-10
-11
-11
-10
-11
-11
-11
-10
-10
-11
-12
-11
-12
-11
-12
-11
-11
-11
-10
-11
-11
-11
-10
-11
-10
-11
-10
-11
-11
-11
-11
-11
-11
-11
-11
-11
-10
-11
-11
-10
-11
-11
-11
-11
-11
-10
-11
-11
-11
-10
-11
-10
-11
-11
-11
-10
-11
-10
-11
-11
-11
-10
-11
-11
-11
-10
-11
-11
-11
-10
-10
-12
-10
-11
-11
-11
-10
-10
-11
-11
-11
-11
-11
-11
-10
-10
-11
-11
-12
-11
-11
-11
-11
-11
-12
-11
-10
-11
-12
-11
-11
-11
-11
-11
-10
-11
-11
-10
-10
-11
-10
-11
-11
-11
-11
-11
-11
-10
-11
-12
-11
-12
-11
-10
-11
-11
-11
-12
-11
-11
-11
-12
-11
-12
-10
-11
-11
-11
-9
-9
-9
-9
-9
-9
-9
-10
-8
-9
-8
-9
-9
-9
-9
-9
-9
-8
-10
-10
-8
-9
-10
-9
-9
-9
-8
-9
-8
-9
-8
-8
-7
-8
-8
-8
-7
-8
-8
-8
-7
-8
-8
-8
-8
-8
-8
-8
-8
-8
-7
-8
-8
-8
-8
-7
-8
-8
-8
-8
-8
-8
-8
-8
-8
-8
-8
-8
-8
-8
-7
-8
-8
-7
-7
-8
-9
-8
-8
-8
-7
-8
-8
-7
-8
-8
-7
-8
-9
-8
-8
-8
-8
-8
-8
-8
-8
-8
-8
-8
-8
-8
-8
-8
-7
-8
-8
-8
-8
-7
-8
-9
-8
-8
-8
-8
-8
-8
-7
-8
-8
-7
-8
-8
-8
-8
-8
-8
-5
-6
-5
-6
-4
-6
-5
-4
-5
-6
-5
-5
-5
-4
-5
-4
-6
-4
-5
-5
-5
-5
-6
-5
-4
-5
-6
-6
-5
-5
-4
-5
-4
-4
-5
-5
-6
-5
-5
-5
-6
-5
-5
-5
-5
-5
-4
-5
-6
-5
-6
-4
-6
-5
-4
-5
-6
-5
-4
-6
-4
-4
-5
-5
-5
-5
-4
-4
-5
-4
-5
-5
-5
-4
-5
-5
-5
-6
-5
-6
-6
-2
1
0
0
2
0
1
1
-8
-8
-9
-7
-8
-8
-8
-8
-8
-9
-10
-11
-11
-11
-11
-12
-12
-13
-14
-13
-14
-13
-13
-13
-14
-14
-14
-14
-13
-14
-14
-14
-13
-14
-14
-13
-13
-14
-14
-8
-8
-8
-8
-7
-8
-8
-8
-8
-8
-8
-8
-8
-7
-7
-7
-7
-8
-7
-8
-7
-8
-10
-8
-7
-8
-8
-7
-16
-16
-16
-16
-16
-16
-16
-16
-16
-17
-16
-16
-16
-16
-16
-16
-16
-16
-9
-8
-6
-8
-8
-8
-8
-8
-7
-8
-8
-8
-8
-8
-8
-7
-8
-7
-7
-7
-8
-8
-8
-8
-8
-8
-8
-8
-8
-8
-8
-8
-7
-8
-7
-7
-8
-8
-9
-8
-8
-8
-14
-14
-14
-14
-14
-14
-15
-14
-13
-14
-14
-13
-13
-14
-15
-13
-13
-13
-15
-13
-14
-14
-14
-14
-14
-13
-14
-14
-15
-14
-14
-14
-14
-14
-15
-15
-13
-14
-13
-13
-14
-14
-14
-13
-6
-7
-6
-8
-10
-6
-8
-8
-8
-8
-8
-8
-8
-8
-8
-7
-8
-9
-8
-8
-8
-8
-8
-8
-8
-9
-8
-8
-7
-8
-7
-8
-8
-9
-8
-8
-8
-8
-8
-8
-8
-8
-8
-8
-8
-7
-7
-7
-8
-8
-8
-14
-14
-14
-13
-14
-14
-13
-15
-14
-13
-13
-14
-13
-13
-16
-18
-16
-16
-16
-17
-16
-17
-16
-16
-17
-16
-16
-17
-17
-16
-18
-18
-21
-18
-22
-22
-26
-26
-27
-25
-26
-24
-25
-27
-27
-25
-30
-24
-25
-26
-25
-24
-28
-23
-25
-24
-26
-26
-26
-31
-24
-24
-23
-26
-24
-27
-23
-23
-26
-26
-24
-25
-20
-25
-25
-26
-26
-25
-25
-24
-26
-26
-25
-26
-26
-24
-26
-25
-26
-26
-25
-23
-25
-26
-25
-26
-25
-24
-26
-26
-24
-26
-26
-25
-25
-26
-26
-26
-17
-13
-12
-11
-10
-10
-10
-10
-11
-11
-11
-12
-11
-10
-11
-12
-11
-11
-11
-10
-10
-10
-11
-12
-11
-11
-12
-10
-10
-10
-9
-9
-8
-9
-9
-8
-9
-9
-7
-8
-7
-7
-8
-8
-8
-8
-9
-8
-8
-7
-7
-8
-8
-9
-8
-6
-7
-7
-7
-7
-4
-6
-5
-6
-5
-5
-5
-5
-3
-3
-1
0
-2
-1
0
-1
-1
-1
-1
-1
-2
-1
-1
0
-2
1
2
1
1
2
2
1
1
0
1
-7
-7
-8
-7
-8
-8
-12
-11
-12
-11
-12
-12
-12
-12
-14
-12
-10
-17
-11
-13
-10
-7
-15
-14
-10
-9
-9
-11
-12
-12
-11
-13
-12
-12
-11
-15
-16
-14
-13
-9
-12
-10
-8
-12
-8
-13
-18
-11
-21
-13
-12
-18
-11
-10
-13
-9
0
-12
-13
-13
-13
-13
-8
-13
-14
-13
-14
-13
-13
-12
-13
-13
-12
-13
-12
-12
-13
-13
-14
-13
-13
-12
-13
-15
-14
-13
-8
-8
-8
-7
-8
-7
-8
-7
-6
-7
-7
-7
-8
-7
-8
-7
-5
-7
-6
-7
-6
-7
-6
-7
-6
-6
-7
-6
-7
-7
-7
-6
-7
-6
-6
-7
-7
-4
-5
-5
-5
-4
1
3
7
8
10
15
24
29
38
38
41
40
40
43
48
51
51
51
50
52
51
51
52
58
61
64
64
64
67
69
73
74
74
74
74
74
67
63
66
62
56
51
44
39
34
25
21
13
11
6
2
4
-4
-8
-8
-13
-12
-12
-12
-13
-11
-11
-13
-13
-13
-12
-14
-13
-13
-13
-13
-16
-13
-14
-19
-21
-23
-23
-23
-23
-22
-23
-23
-22
-23
-22
-24
-22
-23
-22
-23
-22
-22
-23
-14
-14
-15
-14
-14
-14
-13
-15
-16
-14
-14
-13
-14
-13
-14
-13
-15
-13
-14
-14
-13
-14
-21
-20
-22
-20
-20
-22
-24
-25
-25
-25
-25
-24
-25
-25
-25
-24
-26
-26
-26
-24
-26
-26
-25
-25
-26
-27
-26
-26
-26
-28
-27
-26
-27
-26
-27
-28
-26
-27
-26
-25
-26
-26
-28
-28
-26
-27
-27
-28
-27
-27
-31
-30
-29
-30
-30
-31
-32
-33
-32
-31
-31
-32
-32
-32
-29
-31
-30
-30
-31
-30
-33
-25
-17
-19
-19
-12
-13
-12
-12
-9
-13
-12
-12
-12
-10
-13
-13
-12
-12
-12
-12
-12
-12
-12
-14
-14
-17
-14
-14
-13
-13
-11
-19
-11
-12
-13
-11
-12
-12
-12
-14
-14
-12
-13
-12
-12
-11
-11
-12
-10
-11
-12
-13
-11
-10
-12
-11
-10
-12
-11
-12
-12
-12
-13
-12
-12
-12
-12
-11
-13
-12
-10
-11
-12
-13
-13
-13
-12
-13
-13
-11
-12
-12
-11
-11
-11
-11
-13
-13
-11
-12
-12
-13
-12
-11
-12
-12
-12
-13
-11
-12
-12
-11
-14
-12
-10
-11
-11
-10
-11
-11
-10
-10
-11
-10
-11
-11
-10
-11
-12
-10
-11
-10
-10
-14
-11
-11
-11
-12
-12
-11
-11
-11
-11
-11
-11
-10
-11
-11
-11
-12
-10
-11
-11
-12
-10
-10
-11
-10
-11
-11
-11
-11
-11
-10
-9
-10
-11
-11
-10
-11
-10
-11
-11
-12
-11
-11
-11
-11
-10
-11
-10
-11
-11
-11
-12
-11
-10
-11
-10
-11
-12
-10
-12
-11
-12
-11
-12
-13
-11
-11
-10
-11
-10
-11
-10
-12
-10
-10
-11
-11
-11
-11
-11
-10
-12
-10
-11
-11
-11
-10
-10
-12
-11
-10
-9
-8
-9
-8
-9
-8
-9
-8
-10
-8
-9
-9
-9
-8
-10
-9
-8
-9
-8
-9
-8
-9
-9
-9
-8
-9
-10
-8
-9
-9
-10
-8
-9
-9
-9
-8
-9
-9
-8
-8
-9
-9
-9
-8
-9
-10
-9
-9
-16
-16
-17
-17
-15
-16
-15
-16
-15
-16
-16
-16
-16
-15
-16
-16
-16
-16
-16
-16
-16
-16
-16
-16
-16
-16
-15
-16
-16
-16
-16
-16
-16
-16
-16
-16
-16
-16
-15
-15
-16
-15
-17
-15
-16
-16
-16
-16
-16
-9
-10
-9
-9
-9
-8
-9
-9
-9
-9
-9
-8
-10
-9
-9
-9
-9
-10
-9
-9
-10
-9
-9
-10
-9
-9
-8
-9
-9
-9
-8
-8
-9
-9
-8
-9
-8
-10
-9
-8
-9
-8
-9
-8
-9
-8
-9
-8
-8
-10
-9
-8
-9
-8
-9
-8
-8
-8
-8
-9
-8
-8
-8
-8
-6
-7
-6
-7
-7
-7
-8
-7
-8
-7
-8
-7
-8
-7
-7
-7
-6
-6
-13
-13
-13
-13
-13
-15
-14
-14
-14
-14
-13
-16
-17
-16
-16
-16
-16
-16
-15
-16
-18
-23
-26
-25
-26
-27
-27
-27
-27
-30
-30
-30
-30
-30
-31
-31
-32
-32
-31
-32
-32
-31
-32
-31
-32
-32
-31
-30
-32
-32
-32
-32
-32
-25
-26
-26
-23
-23
-21
-22
-17
-14
-12
-12
-13
-13
-13
-12
-13
-13
-12
-12
-12
-12
-12
-12
-12
-12
-12
-11
-12
-11
-12
-12
-11
-12
-12
-12
-12
-12
-12
-12
-12
-12
-12
-11
-12
-11
-11
-11
-8
-9
-8
-9
-8
-9
-8
-9
-9
-8
-7
-7
-6
-7
-6
-7
-7
-7
-6
-6
-6
-8
-6
-6
-6
-6
-7
-6
-7
-7
-7
-7
-7
-7
-7
-6
-7
-13
-12
-13
-13
-13
-14
-13
-14
-13
-12
-13
-13
-13
-12
-12
-13
-13
-14
-14
-14
-14
-14
-13
-14
-14
-14
-13
-16
-15
-17
-15
-16
-15
-16
-17
-16
-16
-17
-20
-21
-22
-22
-25
-26
-25
-26
-26
-27
-26
-26
-25
-26
-26
-26
-25
-26
-26
-28
-28
-28
-27
-28
-28
-28
-29
-30
-30
-30
-29
-30
-29
-30
-30
-30
-30
-30
-30
-31
-30
-30
-29
-30
-29
-30
-30
-30
-30
-30
-30
-30
-30
-30
-30
-31
-30
-29
-18
-16
-17
-17
-17
-17
-18
-16
-17
-17
-16
-14
-12
-11
-11
-11
-12
-11
-11
-8
-9
-8
-9
-9
-8
-9
-7
-9
-8
-8
-9
-8
-8
-10
-9
-7
-9
-10
-9
-11
-8
-8
-8
-9
-8
-9
-8
-9
-9
-8
-8
-8
-10
-7
-9
-9
-8
-8
-8
-7
-8
-7
-8
-8
-8
-6
-8
-8
-8
-9
-7
-8
-8
-8
-8
-8
-9
-9
-8
-8
-8
-8
-9
-8
-8
-6
-8
-8
-7
-8
-8
-7
-8
-7
-8
-7
-7
-8
-8
-8
-8
-8
-8
-8
-8
-8
-8
-8
-9
-8
-8
-7
-8
-8
-9
-8
-8
-9
-9
-8
-8
-7
-7
-8
-8
-8
-8
-8
-7
-8
-8
-9
-8
-8
-8
-7
-7
-8
-5
-4
-5
-5
-5
-5
-5
-5
-6
-5
-6
-7
-5
-5
-6
-3
-1
-2
-3
-2
-4
-3
-1
2
1
0
1
2
1
0
-6
-10
-7
-7
-7
-7
-8
-6
-7
-7
-6
-7
-7
-7
-8
-6
-8
-6
-6
-7
-7
-7
-7
-7
-7
-7
-8
-7
-8
-7
-7
-7
-7
-7
-7
-7
-7
-7
-6
-8
-7
-8
-8
-7
-8
-8
-8
-9
-8
-8
-7
-8
-8
-7
-7
-8
-8
-8
-7
-7
-8
-7
-8
-8
-8
-8
-7
-8
-9
-8
-10
-9
-9
-9
-11
-12
-12
-13
-12
-13
-13
-13
-12
-12
-12
-13
-13
-13
-12
-14
-14
-14
-19
-22
-22
-21
-22
-26
-25
-24
-25
-27
-27
-27
-26
-26
-26
-26
-26
-26
-26
-27
-26
-26
-27
-26
-27
-26
-26
-27
-26
-27
-25
-27
-27
-27
-21
-20
-18
-14
-13
-14
-12
-12
-12
-12
-10
-9
-10
-9
-9
-8
-9
-8
-9
-9
-9
-10
-9
-7
-8
-9
-10
-9
-10
-9
-8
-9
-9
-8
-8
-8
-8
-10
-9
-10
-9
-10
-9
-7
-10
-8
-9
-8
-9
-8
-9
-9
-8
-9
-9
-8
-6
-10
-9
-8
-8
-11
-10
-6
-7
-6
-7
-9
-6
-10
-6
-8
-7
-11
-9
-8
-7
-9
-8
-8
-8
-9
-9
-8
-7
-7
-8
-8
-7
-8
-8
-8
-8
-8
-10
-8
-9
-8
-8
-8
-7
-15
-14
-14
-16
-18
-18
-17
-21
-23
-24
-26
-25
-26
-27
-28
-28
-27
-28
-28
-30
-31
-31
-31
-31
-30
-31
-30
-31
-31
-31
-31
-32
-31
-30
-32
-31
-31
-32
-31
-32
-32
-31
-31
-31
-31
-30
-30
-30
-32
-32
-31
-31
-31
-32
-31
-31
-32
-32
-32
-31
-32
-31
-30
-31
-32
-30
-31
-31
-30
-31
-31
-31
-31
-30
-31
-31
-31
-30
-30
-31
-31
-30
-31
-31
-36
-37
-40
-43
-45
-46
-47
-49
-49
-50
-49
-50
-49
-50
-49
-49
-49
-48
-50
-51
-51
-50
-53
-58
-57
-57
-58
-58
-58
-58
-58
-59
-60
-60
-59
-61
-61
-62
-62
-60
-62
-62
-61
-61
-62
-60
-54
-54
-53
-53
-53
-52
-53
-52
-52
-49
-50
-50
-50
-49
-50
-48
-48
-48
-47
-48
-48
-47
-46
-45
-40
-42
-41
-38
-35
-36
-37
-36
-33
-34
-30
-33
-29
-35
-32
-32
-32
-32
-32
-22
-14
-12
-10
-15
-13
-14
-11
-13
-13
-13
-13
-13
-13
-11
-13
-12
-10
-13
-11
-11
-2
-11
-9
-7
-8
-8
-8
-8
-8
-9
-8
-9
-7
-8
-7
-7
-9
-8
-8
-9
-6
-8
-9
-8
-8
-8
-6
-7
-6
-6
-6
-5
-2
-1
1
1
1
1
3
1
4
2
2
3
3
2
1
1
1
2
2
0
2
2
4
2
-7
-6
-8
-10
-12
-10
-13
-13
-15
-12
-12
-14
-7
-13
-10
-15
-12
-11
-11
-16
-15
-15
-9
-9
-12
-13
-12
-15
-13
-20
-10
-12
-14
-13
-13
-15
-12
-14
-13
-12
-12
-9
-14
-13
-11
-11
-15
-13
-14
-14
-15
-13
-20
-18
-19
-18
-19
-21
-17
-11
-14
-13
-11
-12
-12
-12
-13
-12
-12
-11
-12
-11
-11
-12
-11
-12
-12
-12
-12
-12
-12
-12
-10
-11
-11
-12
-13
-11
-12
-12
-11
-12
-9
-11
-12
-12
-12
-12
-12
-11
-12
-12
-12
-11
-12
-12
-12
-11
-12
-11
-12
-12
-11
-12
-11
-12
-11
-11
-10
-11
-12
-11
-11
-11
-10
-12
-10
-9
-8
-8
-7
-7
-8
-8
-8
-7
-5
-4
1
1
1
0
1
1
1
0
2
1
-8
-8
-10
-10
-10
-12
-12
-12
-12
-12
-12
-12
-12
-12
-14
-14
-14
-14
-12
-13
-13
-13
-13
-13
-14
-13
-14
-15
-14
-12
-14
-12
-15
-14
-14
-14
-13
-15
-13
-15
-17
-16
-16
-15
-17
-15
-17
-18
-20
-16
-15
-16
-18
-16
-17
-18
-16
-15
-16
-15
-16
-14
-16
-17
-16
-18
-20
-24
-24
-27
-33
-31
-32
-32
-36
-38
-36
-36
-37
-33
-42
-38
-40
-38
-38
-40
-40
-40
-39
-40
-38
-41
-40
-38
-40
-38
-37
-39
-39
-39
-39
-38
-39
-40
-39
-32
-32
-32
-31
-30
-31
-29
-27
-30
-30
-30
-30
-30
-30
-30
-29
-30
-30
-31
-27
-28
-28
-28
-27
-28
-27
-25
-24
-21
-16
-16
-14
-13
-13
-12
-13
-13
-13
-13
-12
-12
-12
-11
-12
-12
-12
-11
-13
-12
-11
-11
-12
-10
-11
-11
-10
-11
-11
-13
-10
-12
-12
-12
-11
-11
-11
-11
-10
-12
-11
-11
-11
-11
-11
-11
-11
-11
-11
-11
-11
-11
-11
-10
-11
-9
-10
-8
-9
-8
-9
-9
-10
-9
-9
-10
-9
-8
-9
-9
-8
-8
-9
-8
-10
-7
-9
-8
-8
-8
-9
-7
-8
-9
-9
-9
-9
-8
-8
-8
-9
-10
-9
-8
-7
-17
-8
-10
-9
-9
-6
-1
-4
-8
-6
-10
-8
-10
-9
-7
-8
-11
-8
-22
-9
-8
-9
-10
-16
-18
-13
-19
-19
-17
-19
-18
-19
-18
-18
-18
-19
-20
-18
-19
-19
-18
-19
-16
-19
-18
-19
-19
-20
-20
-17
-20
-29
-20
-25
-27
-27
-28
-31
-29
-29
-31
-33
-33
-32
-28
-29
-35
-30
-32
-31
-30
-34
-33
-32
-34
-33
-30
-33
-32
-33
-33
-34
-35
-36
-33
-36
-35
-40
-40
-40
-40
-40
-39
-41
-33
-32
-30
-26
-26
-26
-18
-12
-11
-11
-12
-12
-11
-10
-10
-10
-10
-12
-11
-11
-12
-12
-11
-11
-12
-10
-11
-11
-11
-11
-11
-11
-10
-11
-12
-11
-11
-12
-10
-10
-11
-10
-10
-10
-10
-11
-11
-10
-10
-10
-10
-12
-11
-10
-9
-12
-10
-10
-11
-10
-11
-10
-11
-10
-12
-11
-11
-11
-11
-10
-11
-9
-10
-11
-8
-9
-11
-11
-10
-11
-13
-10
-11
-10
-11
-11
-10
-11
-10
-9
-10
-12
-4
-11
-12
-14
-11
-10
-10
8
-11
-11
-12
-9
-10
-8
-12
-12
-11
-9
-10
-11
-10
-11
-9
-10
-11
-11
-11
-11
-10
-11
-11
-12
-23
-26
-27
-28
-27
-28
-28
-33
-27
-28
-28
-28
-28
-14
-28
-29
-28
-28
-27
-29
-28
-30
-28
-28
-28
-27
-30
-31
-33
-34
-33
-32
-33
-35
-32
-33
-33
-33
-33
-34
-32
-33
-33
-33
-33
-34
-27
-26
-26
-24
-25
-27
-24
-26
-25
-24
-25
-24
-25
-25
-25
-25
-25
-25
-24
-25
-26
-24
-25
-24
-30
-33
-33
-33
-34
-35
-35
-35
-34
-35
-35
-35
-35
-35
-34
-35
-34
-28
-27
-28
-28
-28
-29
-28
-28
-27
-28
-27
-27
-28
-26
-24
-25
-24
-24
-27
-25
-22
-22
-23
-23
-23
-21
-20
-21
-21
-20
-21
-20
-21
-20
-21
-20
-21
-20
-21
-21
-21
-21
-21
-21
-21
-22
-21
-22
-21
-22
-20
-21
-21
-21
-21
-19
-19
-18
-18
-17
-16
-16
-18
-16
-15
-16
-15
-12
-13
-14
-13
-13
-14
-13
-12
-13
-13
-12
-13
-13
-13
-12
-12
-12
-11
-11
-12
-10
-11
-11
-11
-10
-11
-12
-11
-11
-11
-10
-11
-10
-11
-10
-12
-11
-11
-11
-11
-11
-11
-12
-11
-12
-11
-11
-11
-11
-11
-10
-11
-11
-11
-10
-12
-11
-11
-11
-11
-11
-11
-11
-10
-11
-10
-11
-10
-11
-10
-11
-12
-11
-10
-11
-12
-12
-11
-10
-11
-11
-11
-11
-11
-11
-11
-10
-11
-12
-11
-10
-11
-10
-12
-10
-11
-11
-11
-10
-12
-11
-10
-11
-11
-11
-11
-11
-10
-10
-11
-11
-11
-10
-11
-10
-11
-11
-11
-8
-9
-9
-8
-9
-8
-9
-9
-9
-9
-8
-9
-9
-10
-9
-9
-9
-9
-9
-9
-9
-8
-8
-9
-8
-9
-8
-9
-8
-9
-9
-9
-8
-9
-10
-9
-9
-9
-9
-9
-10
-9
-8
-9
-9
-9
-9
-9
-9
-8
-10
-8
-9
-8
-9
-8
-9
-9
-9
-10
-9
-10
-9
-10
-9
-8
-9
-10
-9
-8
-9
-8
-9
-8
-9
-8
-9
-8
-9
-9
-9
-9
-9
-9
-9
-9
-8
-9
-8
-8
-9
-9
-9
-9
-9
-9
-9
-9
-9
-9
-8
-8
-10
-9
-8
-9
-8
-9
-9
-9
-10
-9
-9
-10
-9
-8
-8
-9
-9
-8
-9
-9
-9
-10
-9
-8
-9
-9
-9
-9
-9
-10
-9
-8
-9
-9
-7
-9
-9
-8
-9
-8
-9
-9
-9
-9
-9
-9
-9
-9
-8
-9
-9
-8
-9
-9
-9
-9
-9
-9
-8
-9
-9
-8
-8
-9
-10
-9
-9
-10
-8
-8
-8
-9
-9
-9
-9
-8
-10
-8
-9
-9
-17
-16
-15
-17
-15
-15
-15
-16
-15
-17
-16
-15
-16
-16
-16
-16
-16
-15
-16
-16
-16
-16
-15
-16
-16
-16
-16
-16
-16
-16
-16
-16
-16
-15
-16
-17
-16
-15
-16
-16
-16
-16
-15
-16
-17
-14
-16
-16
-16
-16
-15
-19
-15
-16
-16
-15
-15
-16
-16
-15
-16
-16
-16
-16
-16
-16
-17
-16
-15
-16
-16
-16
-16
-15
-17
-16
-16
-16
-15
-16
-16
-16
-15
-16
-15
-16
-15
-16
-15
-16
-15
-16
-14
-16
-16
-16
-16
-16
-16
-15
-16
-15
-18
-16
-16
-16
-15
-15
-16
-13
-15
-16
-15
-15
-17
-14
-16
-15
-15
-16
-15
-15
-14
-16
-15
-16
-15
-16
-16
-15
-16
-15
-15
-16
-15
-18
-16
-15
-15
-16
-16
-15
-15
-15
-15
-16
-15
-16
-16
-15
-16
-15
-16
-15
-16
-16
-16
-16
-16
-15
-16
-16
-16
-16
-16
-16
-16
-16
-16
-15
-16
-14
-16
-16
-16
-16
-15
-16
-16
-16
-15
-16
-15
-16
-17
-16
-15
-15
-16
-16
-16
-16
-16
-16
-15
-16
-16
-15
-16
-17
-16
-15
-16
-16
-16
-16
-15
-16
-16
-15
-16
-15
-16
-16
-15
-16
-16
-16
-15
-16
-15
-16
-16
-15
-16
-16
-16
-16
-16
-16
-16
-16
-15
-16
-16
-16
-16
-16
-16
-16
-16
-16
-16
-16
-15
-16
-16
-15
-16
-16
-16
-15
-16
-16
-16
-15
-16
-16
-16
-16
-16
-15
-16
-16
-16
-16
-16
-16
-15
-16
-15
-16
-15
-16
-15
-15
-15
-16
-16
-16
-16
-16
-16
-17
-16
-16
-16
-16
-16
-16
-16
-16
-16
-16
-16
-16
-16
-18
-16
-16
-15
-16
-15
-15
-16
-16
-16
-16
-16
-16
-16
-16
-16
-16
-16
-16
-16
-16
-16
-16
-15
-15
-15
-15
-16
-15
-16
-16
-15
-15
-16
-16
-15
-16
-17
-16
-17
-16
-15
-14
-14
-14
-13
-12
-9
-9
-10
-9
-9
-9
-8
-10
-8
-9
-6
-9
-8
-9
-9
-10
-8
-8
-10
-10
-8
-9
-9
-5
-9
-9
-9
-10
-9
-9
-9
-10
-10
-8
-8
-8
-9
-11
-9
-10
-11
-8
-11
-10
-3
-11
-7
-8
-8
-9
-8
-7
-8
-8
-11
-9
-11
-10
-10
-12
-10
-8
-10
-8
-9
-9
-10
-8
-9
-9
-10
-9
-9
-9
-8
-10
-10
-9
-10
-9
-8
-10
-8
-9
-9
-9
-9
-9
-9
-9
-9
-9
-9
-7
-9
-9
-9
-9
-8
-8
-8
-8
-9
-9
-8
-10
-10
-9
-9
-9
-9
-8
-8
-8
-8
-8
-8
-7
-8
-9
-8
-7
-9
-8
-7
-7
-10
-12
-8
-10
-8
-9
-7
-9
-8
-7
-9
-6
-8
-7
-3
-9
-9
-9
-7
-9
-7
-7
-8
-9
-7
-9
-7
-9
-8
-10
-9
-14
-14
-17
-28
-24
-22
-22
-26
-17
-16
-16
-15
-16
-18
-16
-17
-17
-16
-18
-12
-13
-25
-10
-14
-13
-14
-11
-18
-9
-11
-13
-11
-13
-10
-14
-12
-10
-11
-9
-12
-11
0
-12
-10
-11
-12
-11
-10
-22
-10
-10
-10
-12
-11
-14
-12
-10
-10
-10
-10
-11
-12
-11
-11
-10
-10
-12
-12
-10
-12
-9
-10
-11
-11
-18
-10
-11
-10
-12
-12
-8
-9
-10
-9
-10
-10
-9
-9
-8
-10
-8
-9
-8
-7
-9
-9
-9
-9
-9
-6
-10
-9
-11
-9
-8
-12
-9
-9
-10
-10
-8
-10
-10
-8
-9
-8
-9
-8
-10
-9
-9
-9
-9
-10
-9
-11
-10
-9
-8
-9
-9
-9
-11
-9
-9
-9
-6
-8
-12
-9
-9
-9
-8
-10
-9
-9
-8
-8
-9
-8
-9
-9
-8
-8
-9
-9
-8
-8
-8
-8
-9
-8
-9
-8
-8
-8
-10
-8
-8
-8
-9
-17
-15
-16
-16
-16
-19
-19
-14
-12
-12
-11
-12
-11
-12
-11
-12
-10
-10
-9
-11
-10
-10
-12
-11
-11
-8
-10
-10
-12
-10
-10
-11
-10
-11
-10
-11
-10
-10
-12
-11
-10
-10
-11
-11
-10
-14
-10
-10
-11
-11
-10
-13
-11
-11
-12
-11
-11
-11
-11
-10
-11
-18
-17
-17
-16
-17
-16
-10
-11
-10
-10
-11
-12
-10
-12
-16
-19
-20
-21
-21
-22
-14
-12
-13
-13
-12
-10
-10
-10
-11
-11
-11
-11
-11
-11
-11
-10
-9
-9
-10
-8
-8
-9
-9
-9
-8
-8
-8
-9
-6
-9
-9
-9
-17
-20
-26
-26
-25
-25
-24
-25
-24
-24
-26
-25
-19
-18
-18
-20
-6
-19
-19
-17
-18
-20
-15
-18
-17
-18
-19
-14
-18
-19
-18
-19
-20
-16
-18
-20
-18
-17
-17
-18
-15
-18
-8
-14
-17
-18
-16
-16
-16
-16
-15
-16
-18
-16
-16
-21
-22
-22
-21
-22
-22
-22
-22
-22
-22
-23
-22
-22
-23
-21
-21
-22
-21
-23
-22
-22
-14
-14
-13
-12
-13
-12
-13
-12
-12
-13
-12
-13
-13
-13
-13
-14
-12
-13
-14
-13
-13
-12
-13
-13
-11
-12
-14
-12
-14
-12
-10
-12
-24
-28
-32
-33
-32
-35
-35
-35
-36
-35
-35
-35
-34
-35
-35
-35
-35
-35
-34
-36
-35
-36
-28
-28
-28
-26
-27
-27
-26
-24
-19
-18
-16
-16
-16
-16
-22
-14
-14
-11
-12
-12
-14
-10
-11
-11
-10
-9
-10
-8
-10
-9
-10
-9
-9
-9
-7
-9
-10
-10
-9
-8
-8
-10
-8
-9
-9
-9
-9
-6
-8
-10
-9
-8
-8
-10
-10
-9
-10
-9
-9
-9
-7
-10
-10
-7
-9
-8
-9
-8
-10
-8
-8
-8
-9
-8
-10
-9
-9
-8
-9
-8
-10
-9
-10
-10
-9
-10
-8
-9
-9
-9
-10
-8
-8
-9
-9
-9
-9
-9
-8
-9
-8
-9
-9
-8
-10
-9
-8
-9
-10
-9
-9
-8
-9
-9
-9
-9
-9
-8
-7
-8
-9
-9
-9
-9
-10
-10
-9
-9
-8
-8
-10
-8
-10
-9
-9
-9
-9
-9
-9
-9
-9
-16
-19
-28
-32
-33
-33
-34
-34
-32
-33
-27
-25
-25
-25
-22
-22
-22
-20
-18
-18
-18
-19
-19
-19
-18
-19
-18
-27
-29
-31
-31
-32
-36
-36
-35
-35
-35
-36
-35
-36
-36
-35
-34
-36
-35
-35
-35
-35
-36
-35
-35
-35
-29
-30
-29
-24
-22
-20
-21
-19
-18
-17
-18
-18
-17
-18
-12
-12
-12
-10
-10
-11
-12
-10
-11
-11
-10
-11
-17
-21
-20
-14
-12
-12
-10
-11
-11
-12
-11
-10
-11
-11
-11
-11
-17
-20
-26
-26
-27
-27
-28
-32
-32
-32
-32
-32
-32
-33
-32
-34
-32
-33
-33
-33
-34
-35
-35
-34
-36
-35
-36
-34
-36
-35
-35
-35
-35
-35
-35
-34
-36
-35
-35
-35
-35
-35
-36
-35
-36
-35
-34
-35
-34
-35
-34
-35
-34
-35
-34
-35
-36
-28
-28
-28
-28
-28
-29
-27
-26
-27
-33
-35
-35
-35
-35
-34
-36
-34
-35
-35
-34
-35
-35
-35
-35
-36
-36
-36
-37
-39
-41
-40
-41
-40
-41
-42
-43
-43
-44
-44
-45
-43
-45
-45
-44
-45
-44
-45
-39
-39
-38
-39
-39
-36
-33
-31
-14
-12
-12
-11
-10
-11
-12
-11
-11
-11
-10
-11
-11
-10
-11
-12
-12
-11
-11
-12
-11
-11
-11
-10
-10
-11
-11
-10
-11
-10
-11
-17
-17
-18
-18
-18
-18
-18
-18
-19
-18
-19
-21
-20
-22
-22
-22
-22
-22
-21
-22
-23
-24
-22
-23
-23
-23
-23
-23
-23
-23
-22
-23
-23
-22
-23
-22
-23
-23
-23
-23
-23
-22
-23
-17
-16
-17
-16
-16
-16
-16
-16
-14
-16
-16
-16
-16
-16
-15
-16
-17
-15
-16
-16
-16
-16
-16
-15
-16
-18
-12
-17
-16
-17
-17
-17
-13
-14
-14
-14
-14
-14
-13
-10
-13
-13
-16
-13
-15
-13
-14
-11
-12
-13
-13
-9
-12
10
-12
-13
-16
-16
-13
-20
-11
-13
-14
-14
-11
-11
-11
-10
-12
-14
-12
-12
-10
-12
-11
-13
-10
-11
-12
-16
-11
-12
-12
-12
-15
-12
-12
-12
-12
-11
-11
-12
-12
-12
-12
-11
-11
-11
-10
-11
-11
-10
-12
-10
-11
-11
-12
-11
-10
-11
-13
-11
-12
-11
-11
-11
-11
-14
-11
-11
-11
-11
-10
-11
-11
-11
-11
-10
-11
-12
-12
-12
-11
-10
-11
-8
-9
-11
-8
-9
-8
-9
-9
-11
-9
-8
-9
-8
-9
-9
-9
-10
-9
-9
-8
-8
-8
-8
-9
-8
-8
-7
-6
-6
-7
-7
-7
-7
-7
-8
-7
-5
-5
-6
-4
-5
-5
-4
-6
-2
2
2
5
8
10
10
10
13
12
10
12
10
12
12
2
12
12
13
14
11
14
26
9
12
3
-7
-6
-12
-20
-12
-14
-12
-16
-20
-11
-20
-20
-21
-26
-20
-20
-25
-26
-25
-23
-17
-24
-22
-22
-20
-18
-16
-15
-12
-13
-13
-12
-13
-12
-13
-13
-12
-12
-11
-12
-10
-13
-11
-12
-11
-12
-11
-12
-13
-12
-12
-12
-12
-12
-12
-11
-13
-12
-11
-11
-10
-12
-11
-11
-10
-11
-10
-12
-10
-10
-10
-10
-10
-13
-12
-12
-10
-10
-11
-11
-10
-9
-12
-9
-10
-10
-10
-12
-12
-6
-11
-10
-12
-19
-10
-10
-11
-12
-12
-9
-4
-9
-12
-9
-9
-9
-10
-9
-8
-8
-8
-9
-10
-8
-9
-10
-9
-9
-9
-9
-9
-9
-9
-9
-9
-8
-9
-9
-9
-8
-9
-8
-9
-8
-16
-16
-15
-17
-18
-18
-19
-19
-19
-19
-18
-20
-18
-19
-18
-18
-19
-19
-18
-19
-19
-18
-19
-19
-20
-18
-19
-19
-19
-18
-19
-20
-18
-18
-20
-18
-18
-19
-19
-19
-19
-19
-21
-26
-25
-24
-27
-27
-30
-30
-29
-30
-30
-30
-30
-30
-32
-34
-41
-45
-47
-50
-53
-60
-67
-82
-93
-98
-101
-101
-103
-104
-106
-109
-108
-109
-110
-108
-108
-108
-108
-108
-109
-108
-109
-108
-108
-108
-108
-110
-111
-110
-111
-112
-112
-114
-118
-125
-126
-128
-136
-139
-145
-149
-152
-165
-169
-171
-172
-171
-171
-171
-172
-170
-172
-171
-171
-171
-171
-172
-171
-171
-164
-164
-163
-160
-158
-151
-146
-144
-139
-137
-131
-130
-127
-129
-127
-126
-128
-126
-130
-127
-126
-124
-118
-113
-106
-95
-93
-88
-86
-87
-78
-76
-77
-77
-76
-72
-73
-76
-84
-74
-72
-74
-73
-72
-82
-83
-84
-87
-86
-87
-86
-83
-90
-86
-87
-86
-85
-88
-86
-88
-90
-90
-90
-90
-91
-91
-93
-92
-92
-96
-91
-77
-49
-37
-24
-2
-13
-11
-11
-10
-11
-10
-11
-10
-11
-11
-10
-10
-10
-13
-10
-20
-35
-40
-54
-69
-76
-89
-91
-96
-98
-101
-104
-106
-109
-111
-112
-114
-115
-116
-116
-115
-115
-108
-108
-109
-107
-107
-106
-106
-106
-104
-106
-106
-106
-106
-106
-106
-106
-112
-115
-117
-118
-117
-117
-118
-118
-118
-118
-118
-118
-111
-110
-110
-110
-110
-110
-110
-110
-110
-110
-110
-111
-110
-109
-109
-109
-109
-109
-109
-111
-109
-110
-108
-107
-108
-105
-104
-104
-104
-103
-99
-97
-95
-95
-89
-72
-69
-67
-63
-65
-64
-64
-63
-64
-65
-64
-64
-65
-64
-64
-64
-64
-65
-63
-57
-51
-49
-44
-44
-46
-45
-46
-45
-44
-45
-45
-45
-44
-46
-44
-45
-45
-46
-43
-44
-45
-45
-44
-51
-52
-50
-52
-51
-51
-52
-51
-51
-52
-50
-52
-50
-51
-51
-53
-55
-55
-56
-55
-55
-55
-55
-55
-54
-56
-56
-55
-48
-45
-45
-46
-45
-46
-46
-46
-46
-45
-46
-48
-44
-54
-61
-70
-75
-77
-77
-77
-71
-68
-64
-65
-63
-63
-63
-58
-57
-53
-50
-50
-48
-49
-45
-44
-45
-45
-46
-44
-43
-42
-40
-40
-41
-36
-37
-37
-37
-37
-36
-44
-45
-46
-46
-40
-36
-37
-35
-36
-37
-36
-33
-33
-31
-31
-30
-30
-30
-30
-30
-30
-30
-30
-30
-30
-30
-30
-29
-27
-27
-27
-28
-28
-28
-28
-27
-28
-27
-28
-27
-27
-27
-28
-34
-35
-36
-35
-37
-39
-40
-38
-40
-40
-40
-32
-32
-31
-31
-30
-30
-30
-30
-30
-31
-30
-29
-29
-30
-31
-30
-30
-30
-30
-30
-30
-30
-34
-29
-30
-29
-31
-29
-30
-31
-30
-29
-30
-30
-31
-24
-26
-34
-59
-59
-59
-31
-32
-30
-30
-31
-30
-29
-29
-30
-30
-37
-37
-33
-36
-36
-36
-36
-38
-38
-41
-40
-40
-40
-40
-39
-41
-41
-41
-41
-42
-40
-41
-41
-41
-41
-41
-41
-42
-41
-44
-41
-40
-41
-41
-41
-42
-41
-40
-41
-40
-41
-41
-41
-41
-40
-41
-41
-41
-41
-41
-41
-41
-42
-42
-44
-42
-45
-48
-48
-49
-50
-54
-58
-58
-59
-57
-58
-57
-56
-57
-58
-57
-57
-56
-58
-50
-50
-51
-50
-50
-47
-44
-42
-43
-37
-37
-35
-34
-35
-34
-34
-35
-34
-35
-35
-35
-35
-34
-41
-42
-41
-40
-40
-43
-44
-48
-49
-49
-48
-48
-48
-48
-48
-49
-48
-49
-48
-49
-48
-49
-49
-49
-49
-48
-48
-48
-49
-44
-43
-42
-40
-41
-42
-40
-39
-38
-39
-40
-36
-38
-38
-44
-46
-46
-47
-46
-46
-46
-39
-38
-40
-34
-29
-35
-35
-34
-34
-40
-48
-47
-52
-53
-58
-60
-58
-61
-62
-65
-63
-62
-69
-64
-66
-60
-66
-69
-68
-42
-42
-61
-65
-63
-67
-63
-68
-69
-69
-68
-70
-69
-68
-69
-69
-71
-72
-71
-72
-71
-72
-73
-76
-76
-76
-75
-76
-76
-76
-77
-76
-76
-76
-75
-77
-77
-77
-77
-75
-78
-78
-81
-83
-89
-85
-89
-91
-94
-92
-95
-95
-92
-92
-87
-89
-88
-87
-87
-90
-87
-84
-86
-85
-84
-81
-83
-81
-81
-83
-83
-81
-82
-81
-83
-82
-83
-73
-80
-82
-90
-86
-88
-89
-90
-91
-89
-90
-91
-90
-94
-90
-89
-91
-90
-90
-90
-89
-90
-90
-90
-91
-90
-90
-90
-90
-91
-91
-92
-91
-92
-92
-91
-84
-75
-74
-72
-69
-68
-66
-64
-63
-60
-57
-58
-55
-54
-49
-49
-48
-46
-44
-46
-45
-44
-46
-45
-45
-45
-45
-45
-44
-45
-45
-44
-46
-44
-45
-45
-45
-45
-45
-45
-45
-45
-45
-45
-45
-46
-45
-45
-44
-44
-44
-43
-44
-44
-44
-44
-44
-44
-44
-44
-44
-46
-43
-44
-44
-44
-44
-44
-43
-44
-44
-43
-44
-43
-45
-43
-44
-43
-42
-43
-41
-41
-41
-39
-40
-39
-39
-38
-38
-38
-40
-40
-39
-34
-32
-37
-39
-40
-40
-40
-36
-41
-38
-39
-40
-39
-40
-37
-39
-38
-38
-37
-40
-36
-34
-40
-40
-41
-36
-40
-29
-41
-39
-38
-37
-39
-39
-36
-40
-40
-43
-44
-48
-39
-47
-42
-47
-49
-49
-49
-50
-50
-54
-53
-56
-52
-55
-55
-58
-58
-60
-51
-46
-47
-50
-48
-48
-51
-48
-47
-48
-45
-45
-48
-45
-46
-48
-49
-47
-47
-48
-48
-48
-47
-56
-57
-57
-57
-61
-60
-59
-59
-59
-59
-60
-53
-53
-49
-49
-48
-49
-48
-45
-46
-46
-46
-46
-46
-46
-45
-46
-46
-45
-46
-45
-45
-52
-53
-52
-53
-53
-52
-53
-53
-53
-53
-53
-53
-53
-52
-46
-43
-40
-36
-34
-36
-30
-28
-28
-25
-27
-26
-25
-21
-12
-13
-13
-13
-13
-13
-13
-13
-13
-12
-19
-23
-30
-32
-32
-32
-33
-32
-33
-33
-32
-38
-35
-35
-34
-35
-36
-36
-34
-29
-29
-30
-27
-28
-28
-27
-27
-27
-27
-27
-28
-28
-27
-28
-26
-27
-28
-27
-28
-27
-27
-28
-25
-26
-27
-28
-26
-26
-26
-26
-26
-26
-27
-27
-25
-25
-26
-34
-24
-27
-27
-24
-24
-27
-22
-24
-28
-24
-26
-17
-25
-26
-26
-27
-24
-25
-25
-24
-24
-26
-25
-24
-26
-27
-22
-25
-25
-27
-25
-26
-24
-27
-27
-27
-26
-28
-27
-25
-25
-25
-23
-25
-27
-29
-23
-23
-24
-22
-10
-34
-23
-31
-25
-38
-38
-38
-38
-38
-38
-38
15
15
15
15
-33
-24
-17
-24
3
-13
-10
-10
-12
-11
-11
-10
-11
-10
-11
-11
-10
-11
-11
-11
-10
-19
-21
-20
-22
-23
-22
-23
-23
-23
-23
-23
-23
-23
-23
-24
-22
-23
-23
-23
-23
-22
-23
-23
-22
-16
-16
-16
-16
-16
-15
-15
-15
-15
-16
-16
-26
-26
-28
-30
-29
-31
-30
-31
-32
-31
-32
-31
-32
-31
-31
-33
-35
-36
-35
-35
-36
-39
-42
-42
-43
-44
-45
-44
-45
-45
-45
-44
-44
-46
-45
-44
-45
-46
-46
-46
-46
-48
-48
-48
-48
-48
-48
-48
-48
-49
-48
-47
-47
-48
-48
-48
-48
-48
-48
-48
-48
-47
-49
-47
-48
-48
-48
-47
-48
-48
-48
-47
-48
-48
-48
-48
-48
-50
-48
-48
-48
-48
-48
-48
-53
-54
-55
-57
-58
-57
-56
-46
-46
-45
-40
-39
-36
-36
-35
-31
-29
-27
-26
-26
-26
-25
-26
-25
-25
-24
-25
-26
-25
-26
-25
-26
-25
-26
-25
-26
-26
-32
-31
-30
-32
-31
-32
-33
-32
-31
-32
-32
-33
-32
-32
-34
-33
-32
-33
-32
-32
-31
-32
-32
-32
-32
-32
-32
-32
-32
-33
-32
-32
-32
-32
-33
-33
-32
-23
-20
-16
-13
-13
-13
-13
-13
-13
-14
-13
-20
-21
-23
-22
-23
-23
-25
-24
-24
-24
-24
-25
-24
-24
-24
-24
-25
-24
-24
-16
-15
-14
-13
-13
-13
-13
-13
-13
-13
-13
-13
-14
-13
-13
-14
-13
-12
-13
-12
-12
-12
-13
-11
-12
-12
-12
-27
-31
-33
-33
-33
-33
-33
-33
-27
-23
-18
-19
-18
-18
-18
-19
-19
-19
-19
-20
-19
-18
-16
-14
-14
-13
-14
-25
-26
-31
-30
-32
-32
-31
-32
-24
-25
-18
-16
-18
-17
-16
-14
-14
-13
-13
-12
-13
-12
-13
-12
-13
-12
-11
-11
-11
-10
-11
-11
-11
-12
-10
-11
-10
-11
-11
-11
-11
-10
-10
-11
-11
-11
-11
-11
-11
-11
-10
-11
-10
-11
-11
-11
-11
-11
-10
-11
-10
-10
-10
-10
-17
-17
-17
-16
-17
-17
-17
-16
-17
-17
-17
-18
-17
-17
-17
-17
-17
-17
-17
-17
-11
-11
-11
-11
-10
-11
-10
-12
-10
-11
-11
-11
-11
-10
-10
-11
-11
-10
-10
-11
-11
-11
-10
-10
-10
-11
-10
-11
-10
-9
-10
-11
-10
-10
-11
-11
-10
-10
-11
-10
-10
-10
-10
-10
-10
-11
-11
-10
-11
-12
-10
-11
-10
-11
-11
-10
-11
-10
-12
-11
-10
-11
-12
-11
-10
-11
-11
-11
-10
-11
-10
-11
-11
-10
-11
-10
-11
-11
-10
-10
-10
-11
-11
-10
-11
-10
-12
-10
-11
-11
-11
-10
-11
-11
-11
-11
-11
-12
-11
-12
-10
-10
-11
-11
-11
-11
-10
-11
-11
-10
-10
-11
-11
-11
-11
-11
-11
-11
-10
-11
-10
-11
-10
-11
-10
-11
-10
-11
-11
-11
-11
-10
-11
-11
-11
-10
-11
-12
-11
-11
-11
-11
-11
-11
-11
-10
-11
-10
-11
-11
-10
-12
-10
-11
-11
-10
-10
-11
-11
-11
-12
-11
-11
-11
-11
-10
-11
-11
-11
-11
-11
-9
-11
-11
-10
-11
-10
-11
-11
-10
-11
-10
-10
-10
-10
-10
-11
-12
-11
-11
-10
-11
-10
-12
-10
-11
-10
-11
-11
-10
-11
-11
-11
-10
-13
-11
-11
-11
-10
-10
-12
-11
-10
-12
-11
-11
-16
-11
-11
-10
-11
-11
-12
-10
-10
-11
-11
-10
-11
-6
-10
-11
-13
-12
-10
-14
-11
-9
-12
-9
-11
-9
-12
-12
-12
-12
-5
-7
-13
-15
-13
-6
-11
-10
-5
-16
-10
-11
-12
-14
-19
-14
-16
-16
-9
-18
-11
-7
-30
-12
-12
-9
-11
-12
-9
-11
-11
-11
-11
-11
-11
-11
-10
-10
-11
-11
-11
-11
-14
-9
-12
-13
-10
-10
-8
-12
-10
-13
-10
-10
-11
-10
-11
-11
-10
-11
-10
-10
-10
-10
-11
-12
-9
-12
-9
-11
-10
-11
-10
-8
-10
-11
-10
-9
-9
-12
-12
-10
-11
-17
-18
-20
-21
-20
-22
-20
-21
-19
-20
-22
-22
-23
-24
-26
-26
-25
-27
-27
-29
-31
-29
-29
-38
-30
-31
-32
-31
-32
-26
-31
-31
-30
-31
-32
-30
-29
-31
-31
-32
-31
-29
-30
-31
-32
-30
-30
-29
-31
-31
-30
-32
-30
-29
-32
-30
-31
-28
-31
-23
-23
-23
-25
-24
-24
-24
-26
-24
-25
-22
-21
-21
-22
-22
-21
-22
-22
-20
-18
-17
-14
-12
-12
-13
-13
-10
-13
-12
-13
-11
-12
-11
-10
-11
-9
-10
-12
-10
-10
-13
-7
-12
-10
-9
-14
-11
-10
-26
-10
-10
-10
-12
-10
-2
-11
-12
-11
-10
-11
-10
-12
-10
-11
-10
-9
-11
-12
-10
-12
-10
-11
-10
-11
-16
-21
-25
-27
-30
-31
-30
-35
-37
-44
-50
-54
-62
-67
-66
-65
-66
-66
-59
-58
-57
-55
-54
-54
-54
-53
-54
-60
-66
-67
-69
-69
-69
-69
-72
-80
-86
-86
-87
-86
-88
-87
-88
-87
-87
-82
-80
-76
-71
-67
-66
-64
-60
-57
-36
-18
-11
-12
-11
-12
-11
-11
-19
-24
-33
-36
-36
-40
-41
-41
-41
-41
-41
-41
-41
-33
-31
-22
-12
-12
-11
-11
-11
-12
-11
-11
-11
-11
-12
-12
-12
-12
-12
-11
-12
-12
-12
-12
-12
-12
-12
-12
-12
-11
-12
-12
-12
-12
-12
-12
-12
-12
-12
-12
-12
-11
-12
-12
-12
-11
-12
-12
-12
-12
-12
-12
-12
-11
-12
-10
-12
-12
-12
-12
-12
-12
-11
-12
-11
-11
-12
-12
-11
-18
-18
-17
-18
-18
-18
-18
-17
-17
-18
-18
-18
-17
-17
-17
-19
-20
-21
-23
-25
-25
-24
-25
-28
-26
-28
-27
-28
-27
-29
-29
-29
-30
-30
-29
-30
-28
-30
-28
-29
-29
-30
-20
-13
-12
-12
-10
-10
-10
-9
-12
-10
-10
-10
-11
-18
-20
-20
-20
-19
-20
-19
-20
-20
-20
-20
-20
-20
-20
-20
-19
-20
-20
-19
-20
-20
-19
-20
-20
-20
-21
-21
-21
-21
-20
-13
-14
-13
-14
-14
-14
-14
-14
-13
-14
-13
-12
-14
-13
-13
-13
-14
-13
-12
-13
-14
-13
-14
-13
-16
-13
-14
-14
-14
-13
-13
-14
-13
-14
-14
-14
-13
-14
-14
-14
-14
-14
-13
-14
-13
-14
-13
-14
-13
-13
-13
-14
-13
-13
-13
-13
-13
-13
-14
-13
-14
-13
-14
-13
-14
-13
-14
-13
-14
-13
-13
-13
-13
-13
-13
-14
-14
-14
-13
-14
-14
-14
-14
-14
-13
-14
-14
-14
-13
-14
-13
-14
-13
-14
-13
-13
-13
-13
-13
-13
-14
-13
-13
-13
-14
-14
-14
-14
-14
-14
-13
-13
-14
-13
-14
-13
-14
-14
-14
-14
-14
-13
-13
-13
-13
-13
-13
-14
-14
-14
-22
-26
-28
-32
-32
-36
-38
-39
-46
-49
-57
-58
-59
-60
-60
-63
-61
-61
-63
-63
-62
-64
-51
-48
-46
-44
-41
-39
-37
-37
-37
-37
-37
-36
-35
-33
-30
-28
-28
-26
-26
-25
-21
-19
-18
-17
-14
-14
-13
-14
-14
-14
-13
-14
-21
-22
-22
-22
-22
-22
-22
-22
-22
-22
-22
-22
-22
-22
-22
-22
-23
-16
-16
-14
-13
-15
-14
-15
-22
-36
-48
-58
-72
-76
-77
-77
-77
-77
-77
-77
-77
-77
-77
-78
-68
-67
-67
-60
-60
-57
-58
-58
-56
-57
-58
-57
-58
-54
-55
-54
-53
-53
-53
-53
-53
-52
-58
-60
-62
-60
-61
-54
-54
-52
-51
-49
-50
-48
-49
-47
-48
-48
-45
-46
-45
-45
-45
-44
-44
-45
-46
-44
-51
-51
-53
-53
-53
-53
-52
-53
-53
-54
-53
-53
-54
-53
-54
-53
-54
-52
-54
-53
-53
-54
-53
-53
-53
-54
-53
-53
-53
-54
-54
-53
-54
-54
-54
-54
-54
-53
-54
-55
-55
-55
-55
-55
-54
-55
-55
-55
-55
-55
-48
-30
-24
-13
-12
-13
-12
-13
-12
-13
-13
-13
-13
-12
-13
-12
-13
-13
-13
-14
-12
-13
-12
-13
-12
-13
-13
-13
-13
-13
-13
-13
-14
-13
-12
-13
-12
-12
-12
-12
-12
-12
-11
-12
-11
-12
-12
-11
-11
-12
-11
-11
-12
-11
-12
-11
-12
-11
-12
-11
-12
-11
-11
-12
-11
-11
-12
-12
-11
-12
-11
-12
-12
-12
-11
-12
-12
-11
-11
-12
-12
-12
-18
-19
-18
-18
-18
-18
-18
-19
-18
-17
-18
-17
-18
-18
-18
-18
-17
-17
-17
-17
-17
-17
-17
-18
-17
-18
-17
-17
-17
-17
-18
-17
-18
-17
-18
-17
-18
-17
-17
-17
-18
-17
-17
-17
-18
-17
-17
-17
-18
-16
-18
-17
-18
-17
-17
-17
-17
-17
-17
-17
-17
-18
-17
-18
-17
-18
-17
-17
-17
-18
-11
-12
-11
-11
-12
-11
-12
-12
-11
-11
-11
-11
-11
-11
-12
-12
-12
-11
-11
-11
-12
-12
-12
-12
-12
-12
-11
-12
-12
-12
-11
-11
-11
-12
-11
-11
-12
-11
-12
-11
-12
-11
-12
-11
-12
-11
-11
-11
-13
-11
-12
-12
-12
-12
-12
-12
-12
-12
-11
-12
-11
-12
-11
-12
-12
-20
-26
-25
-25
-25
-25
-25
-25
-26
-26
-16
-13
-22
-27
-28
-28
-16
-16
-14
-14
-14
-13
-12
-13
-12
-13
-12
-13
-13
-13
-12
-13
-12
-13
-13
-12
-13
-12
-14
-12
-13
-12
-13
-13
-13
-18
-22
-25
-28
-30
-30
-30
-31
-31
-31
-31
-31
-23
-23
-23
-22
-23
-23
-23
-22
-23
-22
-22
-22
-23
-23
-23
-23
-20
-21
-19
-17
-16
-14
-13
-13
-12
-11
-11
-11
-12
-12
-12
-11
-12
-11
-12
-12
-12
-11
-12
-12
-11
-11
-11
-11
-11
-12
-11
-12
-11
-12
-12
-12
-11
-12
-11
-11
-11
-12
-11
-12
-12
-13
-21
-30
-31
-33
-35
-35
-36
-36
-22
-13
-13
-12
-11
-12
-12
-12
-12
-12
-12
-12
-12
-12
-12
-12
-12
-12
-12
-12
-12
-11
-11
-11
-13
-12
-12
-12
-11
-12
-12
-12
-12
-12
-11
-12
-11
-12
-11
-11
-11
-12
-12
-12
-12
-12
-12
-11
-12
-13
-12
-12
-12
-12
-12
-12
-12
-12
-12
-12
-12
-11
-12
-12
-12
-12
-12
-11
-12
-11
-12
-11
-12
-11
-12
-14
-11
-11
-11
-12
-11
-12
-12
-12
-12
-12
-12
-12
-12
-12
-12
-11
-12
-11
-12
-11
-11
-12
-11
-11
-11
-12
-12
-12
-11
-12
-11
-12
-12
-12
-12
-12
-12
-12
-12
-12
-12
-12
-12
-12
-12
-12
-12
-12
-12
-12
-12
-12
-12
-12
-12
-12
-11
-12
-12
-11
-11
-11
-12
-12
-12
-11
-12
-11
-12
-11
-12
-12
-11
-12
-11
-11
-12
-12
-12
-12
-12
-12
-11
-13
-12
-12
-12
-12
-13
-11
-12
-12
-12
-11
-12
-11
-11
-12
-12
-11
-12
-12
-11
-12
-13
-12
-12
-12
-11
-12
-12
-12
-12
-12
-11
-12
-6
-12
-12
-12
-10
-10
-10
-11
-10
-12
-11
-13
-9
-11
-12
-13
-12
-12
-10
-12
-11
-9
-9
-11
-9
-17
-12
-11
-13
-13
-10
-6
-10
-12
-10
-12
-11
-14
-14
-12
-11
-11
-8
-14
-12
-11
-14
-12
-12
-13
-12
8
-10
-11
-11
-10
-11
-13
-12
-12
-12
-12
-12
-11
-10
-13
-12
-12
-11
-14
-14
-12
-12
-11
-11
-11
-11
-12
-11
-17
-19
-17
-17
-17
-22
-19
-18
-18
-18
-18
-16
-19
-20
-20
-22
-21
-22
-25
-25
-23
-26
-27
-26
-32
-28
-27
-26
-23
-22
-23
-27
-25
-25
-25
-28
-16
-26
-24
-27
-24
-25
-24
-24
-24
-27
-26
-26
-25
-28
-25
-26
-27
-18
-17
-18
-17
-17
-15
-16
-13
-13
-14
-13
-12
-13
-14
-12
-12
-14
-12
-12
-11
-11
-10
-10
-12
-12
-12
-12
-11
-5
-11
-11
-12
-11
-12
-11
-12
-13
-12
-11
-12
-12
-12
-12
-12
-12
-11
-12
-11
-12
-12
-12
-12
-12
-12
-12
-12
-12
-12
-12
-11
-12
-10
-12
-12
-12
-12
-12
-11
-12
-11
-11
-12
-11
-12
-11
-12
-11
-12
-11
-12
-11
-11
-12
-11
-11
-11
-11
-12
-12
-12
-12
-11
-12
-11
-12
-12
-12
-11
-11
-12
-11
-11
-12
-12
-11
-12
-11
-12
-12
-12
-12
-12
-12
-12
-12
-12
-12
-12
-12
-12
-10
-12
-12
-12
-12
-11
-12
-12
-12
-12
-12
-11
-12
-12
-12
-11
-12
-11
-11
-11
-12
-11
-12
-11
-12
-12
-10
-11
-12
-11
-12
-12
-11
-11
-11
-11
-10
-11
-10
-11
-11
-11
-11
-11
-10
-10
-12
-11
-16
-17
-16
-17
-17
-17
-17
-16
-17
-16
-17
-16
-18
-18
-18
-18
-17
-18
-17
-18
-19
-18
-18
-18
-19
-24
-25
-25
-24
-25
-25
-25
-25
-25
-25
-25
-23
-24
-24
-25
-25
-25
-25
-25
-13
-14
-14
-13
-12
-13
-12
-12
-11
-12
-12
-11
-12
-12
-12
-12
-10
-11
-12
-12
-12
-11
-10
-11
-12
-11
-12
-11
-10
-11
-11
-10
-11
-11
-11
-11
-11
-12
-10
-11
-10
-12
-11
-11
-11
-10
-11
-11
-11
-11
-11
-11
-11
-11
-10
-11
-10
-11
-12
-11
-11
-11
-11
-11
-11
-11
-10
-17
-18
-17
-17
-17
-18
-18
-18
-18
-19
-18
-18
-18
-18
-18
-18
-18
-18
-18
-18
-18
-18
-18
-18
-18
-18
-18
-16
-18
-18
-18
-18
-18
-18
-18
-18
-18
-18
-18
-18
-17
-18
-18
-12
-12
-12
-12
-11
-12
-12
-12
-11
-12
-11
-12
-12
-12
-12
-12
-12
-12
-12
-12
-12
-12
-12
-12
-12
-12
-12
-12
-12
-12
-12
-12
-12
-12
-11
-12
-11
-12
-12
-12
-12
-12
-12
-12
-12
-12
-12
-12
-12
-12
-12
-11
-12
-11
-12
-12
-12
-12
-12
-12
-12
-12
-11
-12
-12
-12
-12
-12
-11
-12
-12
-12
-12
-11
-11
-12
-12
-11
-12
-12
-12
-12
-12
-12
-12
-12
-12
-12
-12
-12
-11
-11
-12
-12
-19
-23
-25
-25
-25
-25
-25
-25
-24
-25
-25
-25
-25
-25
-24
-25
-25
-25
-24
-24
-25
-24
-25
-25
-25
-25
-14
-12
-12
-12
-12
-12
-12
-12
-12
-12
-11
-12
-12
-12
-11
-19
-22
-25
-26
-27
-28
-28
-30
-31
-30
-31
-30
-31
-30
-31
-30
-31
-30
-30
-30
-30
-30
-30
-30
-30
-31
-31
-31
-31
-32
-31
-32
-31
-32
-31
-32
-31
-31
-32
-32
-31
-31
-31
-31
-31
-31
-31
-32
-32
-24
-23
-21
-19
-16
-16
-16
-16
-15
-16
-16
-16
-14
-12
-11
-12
-12
-12
-12
-12
-12
-12
-12
-12
-12
-12
-12
-12
-12
-12
-12
-11
-12
-11
-12
-11
-11
-12
-11
-12
-11
-12
-11
-12
-11
-12
-11
-12
-11
-11
-12
-11
-11
-11
-12
-11
-12
-11
-12
-11
-12
-11
-12
-11
-11
-12
-11
-12
-11
-12
-12
-12
-12
-12
-12
-12
-12
-12
-12
-11
-12
-12
-12
-12
-12
-11
-11
-12
-12
-11
-11
-12
-11
-12
-12
-12
-11
-12
-12
-12
-11
-12
-12
-12
-12
-12
-12
-12
-12
-12
-12
-12
-12
-12
-12
-12
-12
-12
-12
-12
-12
-11
-12
-11
-11
-11
-11
-11
-12
-11
-12
-11
-12
-11
-12
-11
-12
-11
-11
-11
-11
-12
-10
-12
-11
-12
-11
-12
-12
-12
-12
-12
-12
-12
-12
-12
-12
-12
-12
-12
-12
-12
-12
-12
-12
-12
-11
-12
-11
-11
-11
-12
-12
-12
-11
-12
-11
-11
-12
-11
-12
-12
-12
-12
-12
-12
-12
-12
-12
-12
-12
-12
-11
-12
-11
-12
-11
-12
-12
-12
-12
-12
-12
-11
-12
-11
-12
-11
-12
-12
-12
-11
-11
-11
-11
-11
-12
-12
-12
-12
-12
-12
-12
-12
-11
-12
-12
-11
-12
-11
-12
-11
-12
-13
-12
-12
-12
-12
-12
-12
-12
-12
-12
-12
-12
-12
-12
-12
-12
-12
-12
-12
-12
-14
-12
-12
-12
-12
-12
-11
-12
-11
-12
-12
-12
-12
-11
-11
-11
-12
-11
-12
-11
-12
-11
-12
-12
-12
-13
-12
-12
-11
-11
-11
-12
-11
-14
-12
-12
-11
-12
-12
-12
-12
-12
-12
-12
-12
-12
-11
-12
-12
-12
-11
-13
-11
-12
-12
-12
-11
-12
-11
-12
-12
-12
-11
-12
-11
-11
-12
-11
-12
-12
-12
-11
-12
-11
-12
-11
-12
-12
-12
-11
-12
-12
-12
-11
-16
-11
-12
-12
-12
-12
-12
-13
-12
-11
-12
-12
-11
-10
-12
-12
-11
-12
-10
-18
-10
-10
-11
-13
-12
-12
-12
-10
-12
-13
-12
-13
-10
-20
-11
-8
-13
-14
-12
-11
-16
-13
-13
-10
-10
-13
-10
-12
-11
-12
-11
-14
-10
-11
-11
-11
-11
-9
-12
-12
-13
-10
-12
-12
-9
-12
-11
-10
-12
-10
-10
-13
-12
-12
-11
-11
-25
-12
-12
-12
-12
-12
-12
-12
-6
-12
-11
-12
-11
-11
-14
-11
-12
-12
-13
-11
-13
-11
-13
-12
-12
-12
-12
-13
-15
-11
-11
-11
-11
-12
-12
-12
-12
-11
-12
-11
-12
-11
-12
-12
-12
-12
-12
-12
-12
-11
-11
-12
-12
-12
-12
-11
-11
-11
-11
-11
-12
-12
-12
-12
-12
-12
-13
-12
-12
-12
-12
-11
-12
-11
-12
-12
-12
-12
-12
-12
-12
-11
-12
-11
-12
-12
-8
-12
-12
-12
-11
-12
-15
-11
-13
-13
-12
-12
-12
-12
-12
-12
-12
-12
-12
-14
-12
-12
-11
-13
-12
-11
-9
-11
-12
-12
-11
-12
-12
-12
-12
-11
-10
-12
-11
-11
-11
-12
-12
-12
-12
-12
-11
-12
-11
-12
-12
-10
-12
-11
-12
-11
-13
-11
-12
-12
-10
-13
-13
-12
-8
-12
-12
-10
-13
-12
-13
-10
-12
-10
-12
-12
-10
-12
-10
-10
-11
-11
-10
-13
-8
-11
-12
-12
-12
-10
-9
-12
-11
-12
-14
-12
-11
-11
-13
-12
-12
-12
-12
-11
-13
-12
-12
-13
-11
-12
-11
-12
-13
-12
-14
-12
-11
-11
-12
-12
-12
-12
-11
-11
-12
-11
-11
-12
-13
-12
-12
-12
-12
-12
-11
-12
-11
-12
-11
-12
-11
-14
-11
-11
-11
-12
-12
-11
-16
-11
-12
-11
-12
-12
-12
-11
-12
-11
-11
-11
-11
-11
-11
-12
-12
-12
-11
-12
-11
-12
-12
-12
-12
-12
-13
-11
-12
-12
-12
-12
-12
-12
-12
-12
-12
-12
-12
-11
-12
-12
-12
-12
-12
-11
-11
-12
-12
-12
-12
-12
-12
-12
-12
-12
-12
-12
-12
-12
-12
-12
-12
-11
-12
-12
-12
-12
-12
-12
-12
-12
-12
-12
-11
-12
-11
-9
-10
-11
-10
-11
-10
-11
-11
-11
-11
-11
-11
-10
-11
-10
-11
-10
-11
-10
-11
-10
-11
-11
-11
-11
-11
-11
-11
-11
-10
-11
-10
-11
-10
-11
-10
-11
-10
-11
-11
-11
-11
-11
-11
-10
-11
-10
-11
-10
-11
-10
-11
-10
-11
-11
-11
-11
-11
-11
-10
-11
-10
-11
-10
-11
-10
-11
-10
-11
-11
-11
-11
-11
-11
-10
-11
-11
-11
-10
-11
-10
-11
-10
-11
-10
-11
-11
-11
-11
-11
-11
-10
-11
-10
-11
-10
-11
-11
-11
-11
-11
-11
-11
-11
-11
-11
-11
-12
-10
-11
-11
-11
-11
-11
-11
-10
-12
-12
-11
-10
-11
-10
-11
-11
-11
-11
-11
-11
-10
-11
-10
-11
-10
-11
-10
-11
-10
-11
-11
-12
-11
-11
-11
-10
-11
-10
-11
-10
-11
-10
-11
-10
-11
-11
-11
-11
-11
-11
-10
-11
-10
-11
-11
-11
-10
-11
-10
-11
-10
-11
-11
-12
-11
-11
-11
-10
-11
-10
-11
-10
-11
-10
-11
-10
-11
-11
-11
-11
-11
-11
-10
-11
-10
-11
-10
-12
-10
-11
-10
-11
-11
-12
-11
-11
-11
-11
-11
-10
-11
-10
-11
-10
-11
-10
-11
-10
-11
-11
-11
-11
-11
-11
-10
-11
-10
-11
-10
-11
-10
-11
-11
-11
-11
-11
-12
-11
-12
-11
-12
-11
-12
-11
-11
-11
-10
-11
-10
-11
-10
-11
-10
-11
-11
-11
-11
-11
-11
-11
-11
-10
-11
-10
-11
-10
-11
-10
-11
-10
-11
-11
-11
-11
-11
-11
-10
-11
-10
-11
-10
-12
-10
-11
-10
-11
-12
-12
-11
-11
-12
-11
-11
-11
-12
-10
-11
-10
-11
-10
-11
-10
-11
-12
-11
-11
-11
-11
-10
-11
-10
-11
-11
-11
-10
-11
-10
-10
-12
-11
-12
-10
-12
-11
-12
-11
-11
-11
-10
-11
-10
-11
-10
-11
-10
-11
-10
-11
-10
-11
-12
-10
-11
-10
-11
-11
-11
-11
-11
-11
-10
-11
-10
-11
-10
-11
-10
-11
-10
-11
-11
-11
-11
-11
-12
-10
-11
-10
-11
-11
-10
-11
-10
-11
-10
-11
-10
-11
-10
-11
-10
-11
-11
-11
-11
-10
-12
-10
-11
-11
-11
-12
-10
-11
-10
-11
-10
-11
-10
-11
-10
-11
-11
-11
-10
-11
-11
-10
-11
-10
-12
-10
-11
-10
-11
-11
-11
-10
-11
-11
-11
-12
-10
-12
-10
-11
-11
-11
-11
-11
-11
-10
-11
-10
-11
-12
-11
-12
-12
-11
-11
-11
-11
-11
-10
-11
-10
-11
-10
-13
-11
-10
-11
-11
-11
-11
-12
-11
-11
-11
-12
-11
-10
-11
-11
-11
-12
-11
-11
-11
-11
-10
-10
-11
-11
-10
-11
-10
-10
-9
-10
-10
-10
-11
-10
-10
-10
-11
-8
-10
-9
-10
-10
-10
-8
-10
-10
-11
-9
-10
-10
-10
-10
-10
-10
-10
-10
-10
-10
-10
-10
-10
-10
-20
-25
-30
-31
-12
-12
-12
-12
-12
-12
-12
-11
-12
-12
-12
-12
-11
-12
-12
-12
-14
-12
-12
-12
-11
-11
-12
-12
-11
-11
-12
-11
-12
-12
-12
-11
-12
-12
-12
-11
-12
-11
-11
-12
-11
-12
-13
-12
-12
-12
-12
-11
-11
-12
-10
-17
-28
-28
-13
-11
-10
-9
-10
-8
-7
0
0
-1
-8
-7
-9
-10
-11
-10
-10
-10
-8
-11
-9
-10
-11
-10
-10
-11
-11
-10
-10
-10
-10
-9
-10
-10
-10
-9
-10
-10
-10
-10
-11
-10
-10
-10
-11
-10
-10
-10
-10
-11
-11
-10
-12
-10
-10
-10
-10
-11
-11
-12
-12
-12
-12
-11
-11
-11
-11
-11
-12
-11
-12
-11
-11
-11
-12
-11
-12
-11
-11
-11
-11
-11
-12
-12
-11
-12
-11
-12
-11
-12
-11
-12
-11
-11
-11
-11
-11
-12
-12
-13
-12
-12
-12
-12
-12
-12
-12
-12
-12
-12
-11
-12
-12
-12
-12
-12
-12
-11
-12
-12
-12
-12
-12
-12
-12
-12
-12
-12
-12
-12
-10
-12
-12
-12
-12
-12
-12
-12
-12
-12
-12
-12
-12
-13
-14
-13
-14
-13
-14
-13
-14
-14
-14
-14
-14
-14
-13
-14
-14
-14
-14
-14
-13
-14
-14
-13
-13
-14
-14
-14
-13
-14
-13
-14
-14
-14
-14
-14
-13
-14
-14
-14
-14
-14
-14
-14
-14
-14
-14
-14
-14
-14
-14
-14
-15
-13
-14
-14
-14
-14
-12
-13
-13
-13
-14
-14
-13
-14
-14
-14
-14
-13
-14
-14
-14
-14
-14
-13
-14
-14
-14
-14
-14
-14
-17
-25
-26
-26
-27
-27
-28
-27
-27
-27
-27
-21
-21
-21
-20
-21
-18
-17
-17
-14
-12
-12
-12
-12
-12
-11
-12
-12
-11
-11
-11
-10
-11
-12
-11
-10
-11
-11
-11
-11
-11
-11
-11
-10
-11
-10
-11
-11
-11
-11
-11
-11
-11
-11
-11
-11
-12
-11
-12
-11
-11
-11
-10
-11
-10
-11
-10
-11
-10
-11
-10
-11
-10
-11
-10
-12
-11
-11
-11
-10
-12
-10
-11
-10
-11
-10
-11
-10
-11
-10
-11
-11
-11
-11
-11
-11
-10
-11
-10
-11
-10
-11
-10
-11
-10
-11
-11
-11
-11
-11
-11
-10
-11
-11
-11
-10
-11
-11
-11
-10
-10
-11
-10
-11
-10
-10
-10
-11
-11
-11
-11
-11
-11
-10
-11
-10
-11
-10
-10
-10
-11
-10
-11
-11
-11
-11
-11
-11
-10
-11
-10
-11
-10
-11
-10
-9
-10
-5
-8
-9
-8
-9
-9
-8
-9
-9
-8
-10
-9
-8
-8
-9
-9
-9
-9
-9
-10
-8
-9
-8
-9
-8
-9
-8
-7
-9
-8
-8
-9
-8
-9
-9
-9
-9
-9
-8
-9
-8
-9
-9
-8
-9
-8
-9
-9
-8
-8
-9
-9
-9
-8
-9
-8
-9
-8
-9
-8
-9
-9
-9
-9
-9
-8
-9
-9
-9
-9
-9
-9
-9
-9
-9
-8
-9
-9
-10
-8
-9
-9
-9
-9
-9
-8
-16
-15
-16
-15
-15
-16
-16
-16
-16
-16
-16
-16
-16
-16
-15
-16
-15
-16
-16
-16
-15
-16
-16
-16
-15
-16
-16
-16
-16
-16
-16
-16
-16
-15
-16
-15
-15
-15
-16
-16
-16
-16
-16
-16
-16
-16
-16
-16
-16
-15
-16
-16
-15
-16
-16
-16
-16
-16
-16
-15
-16
-16
-16
-15
-16
-15
-16
-16
-16
-16
-16
-16
-16
-16
-18
-18
-18
-18
-18
-12
-12
-11
-12
-14
-12
-11
-11
-10
-11
-9
-11
-10
-11
-10
-11
-11
-11
-11
-11
-11
-10
-11
-10
-11
-10
-11
-10
-11
-10
-10
-12
-10
-11
-11
-12
-11
-12
-11
-11
-11
-10
-11
-10
-11
-10
-11
-10
-11
-10
-11
-11
-11
-11
-11
-12
-11
-11
-10
-11
-10
-11
-10
-11
-10
-11
-10
-11
-12
-11
-12
-10
-11
-11
-12
-11
-11
-11
-10
-11
-10
-11
-10
-11
-11
-11
-10
-11
-15
-12
-11
-10
-11
-10
-16
-10
-11
-11
-11
-11
-11
-10
-11
-10
-11
-10
-11
-11
-11
-12
-11
-11
-10
-11
-12
-12
-10
-11
-10
-11
-10
-11
-11
-11
-10
-10
-12
-13
-12
-11
-11
-10
-11
-11
-10
-11
-11
-11
-10
-12
-11
-11
-10
-12
-12
-12
-10
-11
-12
-11
-10
-9
-11
-10
-12
-8
-10
-11
-15
-12
-15
-11
-15
-10
-12
-11
-14
-11
-12
-10
-11
-11
0
-11
-11
-8
-14
-10
-18
-10
-11
-12
-9
-10
-10
-11
-10
-12
-13
-10
-11
-11
-10
-12
-12
-10
-11
-11
-20
-13
-10
-10
-12
-12
-9
-11
-9
-10
-9
-10
-10
-8
-12
-9
-11
-11
-11
-9
-10
-10
-10
-10
-11
-11
-11
-11
-10
-12
-10
-12
-11
-10
-11
-11
-12
-11
-8
-12
-11
-11
-13
-12
-10
-10
-10
-11
-11
-11
-11
-12
-10
-10
-10
-11
-11
-10
-19
-11
-11
-11
-11
-11
-4
-11
-11
-11
-11
-11
-10
-10
-10
-12
-10
-11
-10
-11
-10
-11
-11
-11
-11
-11
-12
-10
-11
-10
-11
-10
-11
-11
-11
-10
-11
-11
-10
-12
-11
-11
-10
-11
-10
-11
-10
-11
-10
-11
-10
-11
-10
-11
-11
-11
-12
-10
-11
-10
-11
-10
-11
-10
-11
-11
-11
-10
-11
-11
-11
-11
-11
-11
-10
-11
-10
-12
-10
-11
-11
-11
-10
-11
-12
-11
-11
-11
-11
-10
-9
-10
-11
-10
-11
-10
-11
-10
-11
-10
-11
-11
-11
-11
-11
-11
-10
-11
-10
-11
-11
-11
-10
-12
-10
-12
-10
-11
-11
-12
-11
-10
-11
-10
-11
-10
-11
-10
-11
-10
-11
-11
-11
-11
-11
-11
-11
-11
-10
-11
-10
-11
-10
-11
-10
-11
-10
-11
-11
-11
-11
-11
-10
-11
-12
-11
-12
-11
-10
-11
-10
-11
-10
-11
-10
-11
-10
-11
-13
-11
-11
-11
-11
-10
-12
-10
-11
-10
-11
-10
-11
-10
-11
-10
-11
-11
-11
-11
-11
-11
-10
-12
-10
-11
-10
-11
-10
-10
-11
-11
-12
-11
-12
-11
-12
-11
-12
-11
-11
-11
-10
-11
-10
-11
-10
-11
-10
-11
-10
-11
-10
-11
-11
-11
-11
-11
-11
-10
-11
-10
-11
-10
-11
-10
-11
-11
-11
-11
-11
-12
-11
-12
-10
-12
-11
-11
-11
-10
-11
-11
-11
-10
-12
-10
-11
-10
-11
-11
-12
-11
-11
-11
-11
-11
-10
-11
-10
-11
-10
-11
-12
-11
-10
-11
-11
-11
-11
-11
-11
-11
-10
-11
-10
-17
-20
-24
-24
-14
-12
-12
-12
-12
-13
-11
-12
-13
-11
-11
-11
-11
-11
-17
-22
-22
-22
-23
-12
-12
-11
-13
-12
-12
-12
-12
-11
-12
-13
-12
-12
-11
-10
-11
-11
-11
-10
-11
-11
-10
-10
-10
-10
-11
-10
-10
-10
-9
-9
-9
-9
-8
-8
-7
-8
-7
-7
-8
-13
-14
-14
-13
-15
-16
-16
-16
-26
-31
-43
-48
-57
-62
-62
-43
-29
-14
-14
-13
-14
-11
-12
-12
-12
-11
-8
-8
-9
-9
-9
-8
-9
-8
-9
-8
-9
-8
-8
-9
-8
-10
-8
-8
-9
-8
-8
-4
-8
-8
-8
-8
-9
-8
-9
-9
-8
-8
-8
-8
-9
-8
-6
-5
1
8
10
12
12
12
12
12
13
12
12
12
12
12
6
6
4
6
6
7
6
6
6
4
4
3
3
4
2
3
2
0
0
0
-2
-3
-6
-7
-7
-8
-8
-9
-9
-8
-8
-10
-10
-10
-10
-13
-12
-13
-12
-14
-14
-14
-14
-13
-14
-13
-14
-16
-14
-14
-14
-14
-14
-17
-14
-13
-14
-13
-14
-13
-15
-14
-14
-13
-14
-13
-14
-12
-14
-15
-14
-13
-14
-13
-13
-14
-14
-14
-13
-14
-16
-14
-14
-13
-14
-13
-13
-14
-13
-14
-14
-14
-14
-13
-14
-14
-13
-13
-13
-13
-14
-14
-14
-14
-13
-14
-13
-14
-14
-14
-14
-14
-14
-14
-14
-14
-14
-14
-14
-15
-14
-14
-14
-14
-14
-14
-14
-14
-14
-14
-14
-15
-13
-14
-14
-14
-14
-14
-14
-13
-13
-14
-13
-14
-15
-14
-14
-14
-14
-14
-14
-13
-14
-13
-14
-14
-14
-14
-13
-14
-14
-14
-14
-24
-13
-13
-14
-14
-14
-13
-15
-14
-14
-14
-14
-14
-14
-16
-14
-7
-7
-9
-8
-9
-9
-7
-8
-8
-7
-8
-6
-6
0
-1
5
6
11
13
13
16
16
20
25
26
28
27
28
23
13
8
4
2
-8
-8
-10
-12
-10
-10
-11
-11
-12
-13
-12
-12
-11
-12
-11
-4
-6
-2
2
5
6
7
13
18
36
39
43
48
49
50
52
55
55
57
56
56
55
56
56
56
48
48
49
55
55
55
55
48
47
44
40
38
34
28
11
4
-11
-11
-12
-13
-13
-13
-13
-13
-13
-14
-13
-14
-13
-14
-13
-14
-13
-13
-13
-14
-13
-12
-13
-13
-14
-13
-14
-13
-12
-13
-14
-13
-14
-13
-14
-13
-13
-14
-14
-13
-13
-13
-14
-13
-14
-14
-14
-14
-13
-14
-13
-13
-15
-13
-14
-13
-14
-13
-14
-13
-14
-13
-14
-13
-16
-15
-14
-13
-12
-14
-12
-8
-8
-7
-5
-5
-2
3
2
6
6
8
11
12
12
12
12
28
43
62
69
68
68
68
55
51
46
43
44
45
55
66
78
100
121
137
147
174
162
165
164
165
163
163
170
162
154
145
132
105
97
82
74
70
65
61
56
54
51
50
48
46
46
46
46
48
54
54
56
57
56
51
51
50
50
48
44
44
43
39
38
27
21
16
3
-8
-9
-8
-9
-9
-9
-9
-9
-12
-11
-11
-13
-12
-13
-13
-14
-7
-2
6
7
7
7
8
10
10
10
10
12
11
12
11
19
25
36
43
49
58
64
85
94
100
116
123
128
124
126
126
127
143
152
186
204
215
232
236
251
257
263
269
276
286
288
288
287
288
294
296
295
300
302
314
314
314
302
300
293
286
279
271
274
274
273
274
262
252
229
211
169
153
177
118
102
80
75
64
48
46
43
44
58
102
125
168
181
200
240
254
265
264
260
251
247
226
215
206
192
182
166
159
156
153
153
152
153
159
160
161
161
151
120
106
95
66
51
27
23
21
18
16
13
14
13
21
26
34
38
39
48
50
54
55
56
61
64
74
77
89
112
129
166
186
201
228
239
262
274
286
307
318
335
346
370
387
402
432
448
478
496
512
550
550
549
550
550
550
551
550
551
550
551
540
468
407
360
305
288
257
244
238
222
217
246
251
255
260
254
224
224
238
270
285
323
350
407
441
470
507
512
518
507
495
450
435
417
412
401
389
387
381
379
380
371
370
366
365
366
361
360
360
358
357
353
348
344
340
338
330
325
321
320
320
319
316
312
312
309
308
304
295
295
294
291
283
253
240
182
148
75
-3
-9
-8
-12
-10
-12
-11
-11
-12
-10
-10
-10
-10
-11
-11
-10
-11
-11
-11
-11
-11
-11
-11
-11
-10
-12
-10
-10
-14
-12
-11
-11
-12
-12
-11
-10
-12
-12
-12
-12
-12
-11
-12
-12
-12
-12
-11
-11
-11
-11
-11
-12
-12
-10
-15
-12
-12
-12
-12
-10
-12
-10
-11
-11
-12
-12
-12
-9
-11
-12
-11
-12
-11
-12
-12
-4
26
41
48
49
51
50
49
50
50
33
8
7
3
-7
-6
-8
-7
-7
-8
-9
-8
-9
-9
-10
-9
-10
-9
-10
-9
-9
-10
-9
-9
-9
-8
-7
-9
-10
-8
-9
-8
-8
-14
-10
-10
-8
-8
-9
-8
-10
-11
-10
-11
-10
-12
-10
-12
-10
-11
-11
-12
-11
-9
-12
-11
-12
-11
-12
-10
-11
-11
-9
-10
-11
-11
-4
-10
-11
-10
-10
-12
-11
-12
-9
-11
-10
-11
-11
-11
-1
10
26
40
45
50
49
54
59
64
77
86
94
104
109
115
120
123
127
128
128
128
129
129
129
127
129
128
130
129
128
122
117
117
115
112
112
107
111
113
111
112
110
110
110
108
109
109
109
108
109
108
108
107
106
106
105
108
106
105
105
104
106
105
111
105
106
106
103
106
106
106
104
105
104
106
106
106
106
104
106
106
103
87
69
49
28
-4
-8
-8
-4
-8
-8
-9
2
4
3
5
8
7
6
6
6
7
11
11
10
11
12
-4
-9
-8
-10
-11
-10
-6
-11
-10
-12
-12
-11
-15
-10
-10
-10
-10
-11
-12
-14
-10
-11
-9
-11
-11
-12
-9
-11
-12
-11
-12
-10
-11
-11
-11
-10
-11
-11
-11
-17
-11
-10
-10
-11
-11
-18
-13
-10
-10
-11
-11
-11
-10
-11
-11
-10
-12
-10
-12
-9
-12
-12
-12
-11
-12
-12
-10
-9
-11
-11
-10
-10
-12
-9
-11
-12
-10
-10
-12
-10
-11
-10
-11
-10
-11
-10
-11
-12
-12
-11
-6
-10
-11
-11
-11
-12
-20
-10
-10
-11
-11
-12
-10
-12
-11
-11
-12
-12
-10
-11
-13
-11
-9
-11
-10
-8
-23
-10
-10
-10
-10
-12
-13
-7
-12
-12
-11
-12
-10
-6
-11
-11
-10
-11
-11
-11
-11
-9
-11
-11
-10
-10
-11
-11
-11
-13
-10
-11
-10
-9
-10
-9
-12
-11
-11
-12
-11
-11
-11
-11
-11
-11
-11
-10
-10
-11
-12
-12
-12
-12
-11
-10
-11
-10
-7
-12
-10
-11
-10
-11
-11
-11
-10
-11
-10
-12
-10
-13
-10
-10
-12
-14
-12
-9
-10
-10
-10
-11
-10
-11
-16
-12
-10
-11
-10
-11
-11
1
-10
-11
-10
-10
-12
-9
-12
-11
-11
-11
-12
-10
-11
-11
-12
-11
-10
-11
-11
-11
-12
-10
-10
-11
-10
-13
-9
-12
-10
-12
-11
-10
-10
-11
-11
-13
-10
-10
-12
-10
-11
-11
-10
-11
-11
-10
-11
-10
-10
-10
-10
-10
-11
-11
-11
-11
-8
-10
-10
-12
-11
-11
-10
-11
-9
-10
-12
-9
-11
-10
-10
-12
-10
-11
-10
-12
-17
-11
-11
-12
-10
-11
-11
-3
-11
-11
-11
-10
-12
-6
-11
-11
-10
-11
-10
-9
-11
-12
-10
-11
-10
-11
-10
-11
-10
-11
-12
-12
-11
-14
-11
-12
-11
-10
-10
-11
-10
-11
-11
-10
-10
-10
-11
-10
-10
-11
-10
-11
-11
-12
-10
-11
-11
-12
-6
-11
-9
-11
-11
-11
-13
-10
-10
-10
-11
-10
-12
-12
-11
-11
-11
-11
-11
-10
-10
-10
-10
-10
-9
-11
-4
-12
-11
-10
-9
-10
-10
-20
-10
-11
-12
-11
-10
-15
-11
-11
-11
-10
-11
-12
-11
-11
-10
-12
-10
-10
-11
-10
-11
-11
-10
-11
-10
-10
-11
-11
-11
-9
-12
-10
-10
-12
-10
-12
-11
-9
-9
-10
-12
-10
-10
-11
-10
-11
-11
-10
-10
-11
-9
-10
-12
-11
-12
-10
-10
-11
-11
-10
-10
-10
-10
-10
-11
-11
-11
-11
-11
-12
-11
-11
-10
-10
-12
-10
-12
-10
-11
-10
-12
-11
-12
-11
-10
-10
-11
-10
-10
-8
-10
-11
-10
-11
-10
-12
-11
-10
-10
-10
-12
-11
-11
-12
-12
-9
-12
-11
-12
-12
-11
-10
-10
-11
-11
-12
-10
-12
-11
-11
-11
-12
-11
-12
-10
-10
-10
-10
-10
-11
-11
-11
-11
-10
-11
-11
-12
-10
-12
-10
-10
-12
-10
-11
-9
-11
-10
-12
-11
-10
-10
-12
-10
-10
-11
-11
-10
-12
-11
-10
-7
-10
-11
-10
-10
-10
-10
-16
-10
-12
-11
-12
-11
-8
-11
-10
-11
-11
-11
-11
-11
-11
-11
-11
-12
-10
-11
-11
-12
-11
-12
-11
-12
-7
-10
-11
-10
-11
-10
-12
-11
-11
-12
-11
-10
-11
-10
-11
-10
-10
-12
-10
-11
-10
-11
-11
-11
-11
-10
-11
-11
-12
-11
-11
-11
-11
-11
-11
-10
-10
-10
-9
-11
-11
-10
-10
-12
-10
-10
-10
-11
-11
-12
-10
-12
-12
-11
-10
-11
-11
-11
-12
-11
-12
-10
-10
-11
-13
-12
-12
-11
-11
-11
-11
-10
-11
-11
-11
-12
-10
-10
-11
-10
-11
-11
-11
-10
-7
-10
-12
-11
-12
-10
-10
-10
-11
-11
-11
-10
-11
-10
-10
-11
-11
-12
-11
-9
-11
-11
-12
-11
-9
-11
-11
-10
-10
-10
-11
-7
-11
-10
-11
-12
-10
-11
-12
-11
-11
-10
-11
-11
-11
-10
-11
-11
-12
-12
-11
-10
-12
-12
-11
-12
-12
-11
-13
-12
-11
-12
-12
-11
-12
-12
-12
-12
-12
-9
-12
-12
