-14
-17
18
-14
-28
2
0
-14
-18
-3
-5
6
-13
-30
-21
2
6
5
-5
-22
-20
0
1
-8
-10
-19
-10
-5
-4
-2
-4
-10
-11
-10
-9
-2
0
-9
-6
-2
-8
-8
-11
-6
-5
-3
-7
-2
-9
-9
-7
-1
-8
-8
-8
-10
-8
-4
-8
-10
-10
-4
-4
-7
-7
-6
-2
-5
-9
-7
-8
-9
-9
-9
-5
0
-6
-12
-8
-6
-7
-6
-7
-7
-7
-4
-7
-8
-8
-3
-8
-13
-5
-6
-9
-10
-9
-4
-3
-5
-10
-5
-5
-7
-14
-5
-9
-12
-2
-1
-8
-2
-6
-8
-8
-6
-9
-9
-7
-3
-6
2
-8
-10
-11
0
-13
-10
-6
-6
-7
2
-4
-15
-4
-8
-13
-10
-2
-6
-3
-7
-6
-8
-5
-6
-7
-5
-2
-8
-10
-6
-3
-11
-7
1
-7
-8
-5
-9
-11
-8
-9
-9
-11
-7
-8
-5
-11
-9
-9
-3
-7
-11
-7
4
-13
-6
-7
-8
-8
-2
-8
-7
-7
-9
-7
-6
-7
-6
-5
-8
-7
-10
-6
-10
-6
-8
-9
-5
-7
-7
-3
-6
-9
0
-12
-3
-7
-6
-9
-5
-4
-8
-1
-5
-7
-8
-4
-10
-5
-6
-9
-9
-8
-9
-9
-3
-9
-7
-5
-5
-7
-10
-5
-4
-7
-4
-7
-7
-9
-6
-6
-6
-8
-11
-7
-8
-9
-6
-5
-8
-6
-9
-6
-9
-9
-9
-8
-5
-3
-2
-8
-7
-4
-6
-7
-3
-6
-8
-6
-7
-12
-9
-4
-10
-7
-9
-4
-7
-7
-7
-7
-7
-12
-3
-8
-9
-8
-7
-6
-11
-7
-7
-8
-7
-9
-9
-5
-11
-9
-2
-8
-2
-4
-5
-4
-7
-10
-1
-6
-8
-6
-8
-9
-8
-6
-7
-7
-8
-8
-10
-9
-8
-6
-3
-7
-6
-4
-7
-7
-6
-7
-6
-4
-9
-9
-5
-10
-8
-5
-6
-6
-5
-5
-5
-100
-46
-41
-109
-157
-233
-401
-506
-630
-802
-897
-882
-884
-868
-704
-651
-580
-477
-456
-475
-450
-462
-463
-398
-336
-297
-204
-143
-74
-5
42
114
201
262
342
395
478
549
552
556
562
568
556
526
494
460
429
390
400
422
405
417
380
330
326
311
266
280
269
241
247
260
252
237
114
-22
17
-56
71
25
-24
2
1
4
-11
-15
-38
5
17
-7
-24
-6
-2
2
-12
-12
-12
3
1
-11
-7
-4
2
-6
-14
-8
-3
-2
-9
-11
-10
-4
-2
-12
-11
-6
-7
-11
-10
-3
-5
-7
-10
-9
-8
-5
-2
-10
-6
-7
-6
-3
-7
-8
-8
-8
-9
-5
-3
-5
-9
-6
-7
-10
-6
-7
-11
-8
-6
-9
-8
-6
-9
-9
-11
-3
-8
-9
-8
-10
-6
-8
-4
-11
-6
-4
-7
-11
-4
-7
-8
-7
-8
-10
-3
-7
-10
-8
-7
-6
-5
-5
-5
-3
-3
-11
-9
-8
-5
-5
-9
-8
-9
-5
-6
-10
-6
-3
-9
-6
-10
-3
-7
-8
-10
-6
-10
-4
-8
-9
-8
-9
-9
-6
-7
-8
-5
-7
-10
-6
-4
-8
-9
-7
-5
-12
-5
-9
-7
-7
-9
-8
-5
-7
-7
-11
-12
-7
-6
-3
-6
-5
-6
-11
-7
-1
-10
-8
-5
-10
-7
-9
-10
-6
-8
-7
-12
-5
-6
-9
-11
-11
-6
-10
-5
0
12
-24
-36
-7
-13
-13
4
-17
6
19
-73
-72
75
-5
-59
-43
-70
-28
1
-1
-69
-145
-224
-280
-363
-220
-185
-294
-175
-212
-363
-362
-382
-521
-395
-416
-498
-357
-267
-377
-319
-247
-266
-256
-144
-176
-184
-154
-216
-268
-226
-222
-277
-232
-114
-111
-105
-36
-16
16
78
107
185
230
235
265
272
293
343
377
390
428
456
376
360
385
357
279
334
315
250
313
369
379
439
514
481
524
637
642
631
656
656
626
634
608
537
506
430
333
223
173
91
19
49
71
140
237
254
267
345
354
387
456
423
348
282
215
114
101
58
-61
-70
-103
-162
-133
-75
-62
32
96
146
275
342
415
435
435
456
448
407
365
321
143
7
-114
-202
-257
-236
-167
-112
26
63
34
145
152
172
197
209
131
23
-82
-120
-227
-255
-272
-352
-369
-381
-386
-365
-306
-212
-165
-54
81
100
140
196
187
199
120
52
-27
-146
-230
-371
-430
-421
-431
-393
-274
-160
-180
-127
-76
-45
106
191
158
130
100
-22
-132
-221
-268
-401
-479
-452
-429
-388
-253
-177
-190
-28
22
-2
69
111
138
164
159
106
63
-53
-208
-289
-312
-336
-314
-199
-123
-18
-77
49
74
93
250
300
203
208
162
-2
-43
-72
-225
-289
-306
-346
-349
-262
-180
-140
9
142
149
179
238
214
234
248
227
166
89
15
-133
-190
-196
-206
-181
-67
-21
44
66
129
152
168
316
403
392
390
389
344
244
214
103
-48
-95
-135
-181
-164
-97
-54
3
-19
29
59
100
222
276
380
390
348
251
160
-8
-147
-228
-331
-381
-368
-292
-229
-22
3
39
145
145
94
158
158
48
17
-15
-110
-145
-170
-208
-277
-323
-351
-349
-337
-264
-169
-70
54
77
161
179
196
242
234
181
91
18
-107
-219
-260
-326
-327
-237
-144
-43
11
91
252
324
395
424
382
302
288
295
248
234
199
81
-8
-53
-34
-32
43
151
206
365
477
486
540
594
555
579
510
471
422
302
197
89
45
-53
0
70
135
238
297
429
493
471
492
483
381
314
197
116
43
-73
-139
-209
-226
-202
-174
-137
-77
-81
7
116
133
199
248
228
198
161
39
-85
-145
-244
-281
-245
-221
-201
-130
-94
-55
-20
30
12
30
-10
-108
-137
-228
-294
-311
-402
-452
-496
-544
-569
-506
-538
-572
-526
-521
-425
-300
-255
-231
-225
-161
-145
-214
-203
-248
-455
-546
-691
-812
-859
-825
-873
-819
-840
-830
-712
-766
-700
-607
-602
-613
-668
-793
-919
-983
-1164
-1262
-1215
-1163
-1146
-1064
-951
-928
-789
-610
-498
-390
-311
-294
-330
-309
-316
-365
-407
-428
-426
-385
-323
-214
-108
-93
-35
-6
-121
-95
-114
-131
-57
-119
-138
-153
-295
-357
-429
-644
-706
-685
-730
-680
-536
-502
-430
-298
-142
-16
50
114
56
42
62
51
59
90
-12
-192
-252
-346
-423
-384
-289
-248
-109
-103
0
70
69
129
71
14
-34
-69
-142
-173
-184
-246
-294
-227
-199
-212
-150
-110
-70
56
69
151
196
133
111
178
198
250
317
241
123
6
-136
-239
-307
-297
-268
-193
-85
37
48
169
231
197
280
286
140
11
-20
-243
-332
-329
-456
-491
-398
-380
-349
-164
-28
-2
154
313
219
186
244
194
185
223
194
86
-19
-134
-313
-370
-339
-300
-261
-97
72
73
1
85
-10
8
163
250
241
282
183
91
22
-28
-139
-203
-223
-310
-316
-238
-165
-151
-88
33
144
262
358
492
498
440
312
183
-15
-128
-194
-225
-149
-76
-17
53
144
105
231
342
280
254
281
140
36
41
8
-55
-117
-247
-374
-364
-270
-265
-167
-51
32
56
91
117
170
275
317
364
457
437
243
43
-58
-200
-276
-306
-285
-281
-184
-149
-88
-40
-93
-46
40
68
148
201
100
1
-10
-117
-178
-156
-226
-291
-304
-281
-302
-299
-248
-159
-113
37
180
145
214
219
148
301
328
233
234
193
-3
-99
-132
-182
-268
-286
-263
-166
-95
-38
68
122
267
247
250
304
280
183
148
79
-52
-149
-338
-505
-580
-565
-538
-522
-520
-392
-282
-173
46
244
381
330
269
329
178
65
27
-166
-322
-335
-367
-428
-198
-145
-88
152
265
339
515
460
364
386
241
96
44
-28
-245
-299
-283
-330
-307
-209
-104
-95
131
324
387
558
608
578
543
453
280
189
25
-148
-237
-320
-338
-420
-404
-342
-243
-177
-92
185
276
353
365
265
53
-82
-165
-504
-368
-383
-455
-561
-513
-556
-641
-615
-563
-501
-472
-139
40
49
265
321
273
366
419
280
288
249
98
-83
-113
-178
-265
-241
-169
-79
50
-73
74
172
244
399
631
679
670
555
410
152
22
-86
-239
-225
-135
-93
-26
99
187
190
216
294
270
277
298
272
304
272
191
105
-30
-136
-328
-443
-476
-528
-484
-353
-169
-91
80
220
229
256
261
76
-62
-104
-177
-235
-194
-174
-265
-259
-201
-235
-251
-165
-102
-88
29
164
217
287
354
294
303
333
260
196
112
-47
-180
-293
-315
-343
-264
-172
-42
19
-27
-55
-94
-128
-102
0
112
170
154
95
-8
-145
-211
-271
-317
-324
-256
-204
-137
-38
54
221
188
191
171
136
153
175
148
104
60
-127
-229
-286
-330
-325
-297
-230
-13
-29
-42
140
144
147
373
393
269
249
168
-48
-82
-75
-144
-142
-66
-53
-23
43
85
102
202
306
257
254
281
264
263
204
143
38
-98
-314
-392
-424
-492
-506
-462
-349
-213
-216
-112
40
34
57
201
95
-28
-82
-143
-308
-231
-194
-255
-215
-122
-122
-113
27
69
-37
162
155
169
266
306
286
305
159
-30
-89
-172
-223
-216
-201
-223
-155
-72
22
-9
83
85
19
50
133
79
26
29
-85
-156
-154
-201
-218
-175
-168
-175
-106
-63
-9
55
172
311
331
400
425
393
394
310
211
91
-14
-221
-352
-348
-387
-424
-327
-163
-71
-25
126
215
97
145
171
60
-37
-40
-149
-234
-190
-253
-293
-232
-192
-196
-154
-48
-8
-24
224
323
272
358
407
298
310
256
139
35
-72
-216
-351
-331
-349
-354
-254
-139
-49
74
162
241
239
230
252
139
60
50
-39
-124
-155
-171
-275
-331
-330
-340
-342
-289
-217
-207
-194
-42
140
83
126
169
58
-25
-69
-126
-160
-204
-213
-238
-220
-148
-143
-112
-131
-156
-176
-186
-178
-113
-72
-12
110
155
188
246
287
134
-3
-36
-145
-105
117
228
404
599
403
-284
-234
92
73
5
-2
-56
-60
81
59
-62
-47
10
9
0
-34
-34
17
7
-5
-19
-24
3
7
-16
-16
-9
-5
2
-9
-10
-13
-6
-6
-8
-9
-1
-5
-8
-7
-3
-6
-5
-8
-9
-4
-7
-11
-7
-2
-4
-14
-5
-1
-5
-12
-6
-4
-6
-7
-10
-4
-7
-10
-11
-6
-6
-9
-7
-5
-1
-2
-13
-11
-9
-9
-9
-5
-4
-4
-6
-7
-6
-14
-3
-9
-9
-9
-7
-11
-6
-10
-8
-9
-5
-3
-2
-4
-3
-13
-11
-7
-2
-4
-9
-9
-10
-8
-7
1
-6
-12
-4
-8
-5
-7
-10
-10
-4
-4
-7
-6
-10
-7
-10
-11
-4
-6
-3
-5
-8
-6
-12
-13
-4
-7
-9
-8
-7
-14
-9
-9
-6
-5
-4
-6
-5
-8
-11
-6
-9
-7
-3
-6
-9
-5
-8
-9
-6
-8
-9
-3
-7
-7
-10
-8
-9
-7
-6
-8
-7
-10
-8
-9
-8
-7
-7
-11
-8
-8
-8
-5
-7
-7
-2
-7
-8
-10
-9
-5
-7
-7
-6
-4
-5
-10
-9
-7
-8
-7
-7
-10
-10
-3
-2
-6
-8
-6
-8
-2
-12
-13
-9
-3
-7
-7
-8
-6
-5
-2
-7
-6
-10
-12
-12
-7
-15
0
-15
-22
-22
-14
-12
-12
1
-11
0
10
-15
-23
-17
-19
-14
-27
-9
0
-15
-4
-14
-20
-28
-40
-76
-78
-94
-86
-88
-98
-38
45
-37
-108
28
76
42
83
117
36
-163
-107
169
45
-112
1
-8
-306
-69
290
194
-69
-145
-253
-207
-138
-69
33
186
218
342
307
160
32
-230
-419
-98
349
178
-39
131
-41
-325
-148
23
-7
-148
209
153
-8
13
136
-1
-287
-204
-6
268
110
150
53
-41
-83
-94
-97
-69
-59
99
126
51
-99
-251
-122
103
98
143
282
180
213
206
80
-69
82
270
202
273
322
299
268
358
317
298
334
313
307
297
247
175
173
121
82
66
71
62
78
92
55
-22
-127
-182
-206
-280
-326
-344
-364
-347
-338
-318
-266
-311
-301
-172
-161
-258
-200
-134
-124
-78
-33
-13
16
96
127
134
196
243
254
236
213
188
182
183
189
176
198
181
181
199
207
187
183
146
140
135
84
86
57
-78
-153
-196
-251
-288
-348
-361
-340
-364
-384
-396
-403
-336
-259
-211
-201
-198
-210
-266
-300
-344
-352
-345
-329
-317
-266
-218
-142
-29
72
151
182
182
188
184
138
56
31
38
42
75
92
113
125
174
217
281
295
281
261
257
230
205
134
76
20
8
-8
-87
-122
-171
-249
-259
-243
-310
-356
-428
-457
-518
-578
-562
-497
-482
-424
-372
-319
-248
-187
-85
-25
13
90
130
189
272
299
318
350
384
424
441
400
393
382
361
344
326
335
340
311
296
212
136
77
-33
-117
-173
-211
-235
-261
-251
-273
-299
-303
-316
-312
-322
-282
-280
-244
-190
-147
-143
-134
-110
-96
-117
-123
-114
-140
-138
-142
-138
-129
-140
-100
-57
-46
-16
21
79
110
136
133
161
170
174
220
270
316
318
354
380
376
401
413
426
422
408
384
364
342
294
289
279
221
192
202
165
115
131
141
94
73
75
29
-13
-51
-56
-78
-106
-117
-173
-186
-174
-162
-161
-135
-161
-174
-158
-130
-107
-53
-34
-14
23
61
113
133
185
209
214
254
257
274
267
237
249
250
254
272
276
273
252
169
101
51
-33
-70
-115
-212
-271
-359
-428
-449
-405
-362
-329
-337
-318
-271
-246
-269
-244
-211
-211
-201
-169
-136
-107
-45
6
62
102
129
204
240
259
282
286
304
357
349
309
304
312
288
297
293
262
228
225
218
180
167
190
215
187
123
87
59
72
61
53
67
53
33
16
-9
-22
-49
-85
-101
-103
-111
-101
-116
-119
-142
-183
-205
-198
-191
-212
-206
-205
-227
-217
-244
-289
-257
-180
-153
-61
6
29
53
48
43
61
85
59
26
1
-4
36
79
97
109
152
185
162
140
129
105
80
93
101
113
124
134
151
163
131
102
83
57
25
56
72
73
63
52
37
23
35
77
119
97
66
52
60
47
46
36
33
18
16
14
55
56
46
22
-9
-106
-144
-187
-277
-353
-564
-743
-767
-854
-889
-890
-851
-824
-763
-681
-593
-490
-421
-357
-263
-210
-166
-135
-44
39
103
213
248
252
284
332
369
411
454
473
447
410
392
393
367
349
348
321
235
184
202
162
90
97
84
31
21
4
-24
-60
-82
-89
-91
-102
-108
-124
-143
-124
-107
-81
-96
-134
-141
-122
-144
-174
-97
-73
-102
-102
-71
-71
-28
-6
71
233
308
374
385
419
473
501
473
492
545
600
592
604
607
599
564
564
584
594
595
620
616
599
605
605
592
593
593
593
583
555
549
503
486
495
462
428
378
351
297
210
160
101
37
42
33
21
18
1
-20
-30
-54
-102
-120
-102
-85
-63
-35
-1
-1
21
46
75
56
72
52
31
19
32
29
35
53
77
88
98
114
100
99
91
64
32
28
20
1
16
1
-57
-81
-125
-189
-262
-286
-312
-346
-359
-383
-405
-381
-365
-345
-336
-336
-351
-353
-369
-375
-364
-310
-304
-323
-315
-311
-316
-330
-323
-340
-321
-318
-299
-254
-179
-100
-74
-40
-10
-9
47
70
50
33
54
43
60
81
84
73
88
70
98
113
115
116
117
106
146
171
231
303
333
388
411
443
456
480
526
564
578
618
658
679
688
693
717
699
689
674
671
638
620
589
531
462
404
370
302
238
223
202
170
117
76
40
22
9
-10
-25
-42
-87
-106
-126
-151
-172
-183
-204
-220
-242
-253
-244
-246
-271
-273
-305
-331
-350
-360
-385
-382
-394
-411
-417
-407
-413
-406
-426
-422
-404
-393
-380
-371
-373
-351
-351
-332
-308
-300
-273
-226
-198
-210
-191
-187
-168
-151
-101
-99
-51
-24
24
54
68
55
50
33
45
25
12
-4
-7
-18
-4
-3
4
-5
39
54
73
87
105
105
96
72
95
93
100
91
91
72
82
57
75
78
98
98
124
121
143
146
180
178
163
149
142
155
169
185
214
220
227
211
175
127
154
185
179
201
174
55
31
9
-66
-91
-69
-70
-69
-78
-95
-73
-61
-52
-14
7
1
37
18
-66
-79
-71
-79
-79
-92
-128
-182
-272
-351
-439
-507
-552
-636
-679
-741
-739
-723
-666
-666
-630
-591
-563
-561
-523
-459
-423
-415
-344
-283
-258
-191
-141
-96
-65
-38
20
46
81
120
144
213
272
306
320
335
338
339
319
316
299
255
212
148
102
83
39
23
-33
-59
-40
53
144
170
138
138
141
203
224
197
160
158
186
195
208
219
230
237
238
219
221
194
186
210
235
228
221
234
244
243
259
322
367
380
379
331
320
221
177
158
170
163
184
171
178
137
120
94
84
44
9
-16
-76
-114
-137
-167
-196
-221
-227
-259
-272
-273
-301
-315
-331
-349
-364
-362
-383
-384
-408
-397
-405
-386
-390
-388
-394
-399
-431
-439
-453
-444
-432
-432
-414
-409
-399
-400
-383
-377
-359
-361
-344
-323
-300
-283
-248
-232
-212
-190
-171
-135
-131
-102
-94
-54
-42
-33
2
23
24
62
75
88
122
191
213
207
225
234
238
246
279
304
328
371
383
384
406
415
428
383
361
353
403
404
433
466
531
548
594
589
612
647
676
655
639
611
535
431
378
329
297
245
223
236
222
222
253
272
252
247
208
194
157
151
120
116
112
137
118
102
57
22
-31
-56
-104
-101
-103
-133
-126
-107
-95
-109
-128
-169
-199
-217
-212
-255
-300
-294
-304
-317
-339
-334
-361
-355
-339
-345
-381
-353
-345
-351
-339
-310
-298
-286
-241
-214
-210
-190
-167
-160
-135
-105
-103
-69
-56
-36
-25
-1
14
16
34
83
122
174
214
214
193
192
218
257
277
298
346
361
394
404
440
451
492
517
541
527
557
576
571
524
486
474
403
356
375
354
250
241
211
192
193
186
177
246
280
352
416
434
367
338
342
315
281
296
295
298
319
369
400
419
401
380
360
344
330
365
393
412
381
350
326
346
321
282
286
286
244
242
217
190
153
163
176
203
169
187
203
179
153
156
163
172
207
172
146
155
156
136
152
194
211
251
288
301
328
330
363
366
383
349
344
318
332
320
298
278
260
249
266
289
302
280
253
259
276
258
257
283
319
345
360
339
254
236
200
156
138
155
139
127
153
177
194
203
218
201
204
195
178
180
215
228
222
215
200
182
176
187
136
129
103
107
103
98
99
101
100
92
91
83
75
78
78
77
82
87
89
87
88
78
73
76
64
57
53
51
43
39
40
30
23
10
11
14
-2
-2
12
4
-10
-11
-2
9
28
23
32
30
29
5
0
-2
10
-14
-16
-28
-28
-20
-7
-4
21
18
33
24
45
44
47
33
25
33
41
30
19
25
22
23
6
6
14
34
64
78
82
93
75
79
90
74
48
50
44
16
-12
-22
-51
-86
-120
-132
-150
-145
-152
-136
-154
-151
-171
-167
-165
-141
-124
-112
-110
-129
-146
-168
-155
-137
-131
-103
-92
-100
-96
-105
-109
-103
-80
-79
-82
-69
-50
-33
-26
-3
9
34
89
95
122
147
164
160
189
177
213
235
273
287
325
318
323
351
366
346
350
342
325
309
266
187
172
165
159
134
138
136
148
143
128
92
72
47
-2
-37
-65
-85
-106
-108
-106
-109
-109
-88
-101
-122
-177
-192
-203
-214
-218
-193
-198
-197
-211
-207
-228
-217
-205
-196
-198
-179
-205
-201
-161
-144
-122
-106
-99
-97
-84
-60
-33
-22
-14
1
37
60
61
58
75
103
131
142
146
138
141
150
149
169
207
223
219
209
207
211
229
232
251
221
201
199
177
194
213
182
180
191
184
158
161
181
165
161
170
122
116
119
122
137
170
170
154
115
114
128
122
120
94
71
78
94
112
125
115
65
57
49
23
27
42
55
49
61
72
55
49
49
32
26
22
17
5
-11
-24
-25
-37
-44
-37
-32
-53
-59
-58
-72
-87
-89
-107
-131
-167
-189
-214
-234
-236
-240
-244
-234
-264
-289
-300
-286
-257
-244
-216
-185
-182
-186
-184
-173
-187
-183
-157
-120
-105
-100
-93
-78
-70
-63
-38
-4
-6
-11
10
22
3
-4
-2
1
56
85
77
45
38
53
84
107
138
134
137
154
145
147
145
165
170
165
182
190
179
162
168
162
147
143
133
132
126
109
82
72
58
49
30
3
-33
-46
-73
-85
-68
-61
-66
-62
-91
-106
-126
-172
-200
-193
-167
-175
-200
-225
-268
-282
-252
-246
-259
-259
-240
-230
-206
-194
-200
-204
-178
-126
-98
-76
-77
-62
-61
-68
-108
-118
-121
-113
-88
-52
-11
43
84
102
158
172
183
206
244
261
285
288
280
270
254
244
236
243
263
291
334
334
375
422
461
488
504
508
492
463
473
490
494
504
520
528
523
511
462
429
456
516
532
555
583
515
470
460
480
506
502
487
501
485
457
422
425
427
393
404
391
341
338
368
375
381
391
378
353
355
366
380
385
393
385
350
303
276
276
284
279
211
177
146
81
60
41
34
18
24
36
33
19
-1
-10
-40
-51
-68
-116
-115
-97
-92
-93
-140
-184
-223
-256
-270
-303
-337
-344
-413
-468
-498
-564
-597
-622
-708
-755
-740
-739
-752
-726
-717
-766
-794
-824
-838
-824
-819
-804
-760
-707
-692
-620
-594
-561
-503
-497
-451
-404
-367
-353
-349
-333
-346
-330
-289
-274
-261
-215
-189
-191
-185
-140
-129
-103
-9
-4
-32
-61
-124
-137
-72
-40
9
90
174
197
221
233
230
264
327
377
358
367
411
423
410
418
420
393
398
421
413
393
405
438
412
371
357
371
351
346
355
368
379
374
396
436
477
514
595
628
581
466
389
376
343
327
318
311
331
377
378
377
396
369
324
303
287
253
214
179
134
137
130
64
41
53
39
39
41
13
-8
-47
-72
-73
-125
-182
-220
-233
-292
-311
-324
-354
-367
-355
-401
-413
-403
-433
-485
-482
-484
-484
-445
-398
-451
-464
-463
-472
-473
-465
-442
-440
-456
-427
-369
-349
-295
-232
-214
-209
-219
-257
-310
-323
-315
-298
-271
-240
-217
-222
-246
-240
-158
-94
-83
-102
-67
-23
-41
-57
-41
-47
-70
-85
-107
-75
9
52
74
121
127
130
151
178
212
237
259
270
266
264
314
362
422
446
428
438
433
413
382
328
357
401
435
423
448
455
473
509
552
552
540
580
624
578
547
559
556
555
538
502
506
511
438
345
324
344
368
382
358
361
383
370
315
344
368
345
352
385
387
384
398
375
356
332
308
279
300
291
275
269
272
248
233
199
169
139
121
117
104
96
82
58
55
52
49
4
-53
-83
-155
-194
-197
-221
-232
-247
-268
-304
-304
-296
-315
-337
-328
-323
-329
-327
-321
-320
-335
-333
-326
-318
-302
-278
-274
-242
-222
-191
-166
-145
-123
-102
-93
-79
-70
-78
-59
-48
-57
-38
-27
-42
-47
-49
-29
5
70
105
148
177
207
216
230
266
307
344
376
355
350
403
448
478
475
486
519
539
527
512
501
496
489
471
479
484
526
546
534
516
535
538
518
481
486
493
487
514
523
474
442
416
421
429
419
414
369
366
353
315
292
275
265
264
246
232
238
201
191
186
177
172
168
163
145
127
109
111
110
102
99
87
61
52
36
8
-12
-41
-63
-96
-114
-139
-139
-140
-156
-134
-105
-83
-78
-79
-96
-103
-119
-121
-147
-183
-204
-215
-225
-219
-221
-229
-227
-205
-194
-144
-70
9
60
98
141
166
202
219
213
208
232
255
253
238
203
187
140
165
187
192
190
197
182
160
140
133
111
114
113
101
88
136
212
223
165
121
39
-42
-70
-52
-87
-119
-111
-97
-115
-107
-85
-70
-60
-22
12
2
15
7
10
-2
10
30
33
10
13
12
-3
-10
-5
-11
-10
-35
-62
-50
-34
-29
12
19
11
20
-8
-42
-68
-80
-101
-109
-130
-133
-130
-132
-148
-157
-163
-177
-186
-185
-192
-161
-148
-168
-166
-137
-145
-143
-134
-131
-119
-102
-117
-110
-95
-92
-103
-104
-101
-85
-73
-70
-50
-62
-48
-32
-15
-12
23
48
56
80
80
116
139
143
152
158
158
176
193
203
219
234
245
272
319
333
349
353
326
281
294
302
274
263
283
287
304
325
297
291
277
262
252
274
267
246
236
226
221
230
209
193
196
165
155
162
149
136
121
108
91
87
35
-8
-32
-102
-121
-152
-178
-195
-225
-235
-250
-297
-328
-352
-362
-383
-369
-381
-396
-375
-385
-457
-486
-523
-573
-597
-612
-624
-629
-608
-586
-567
-573
-555
-539
-540
-533
-563
-609
-636
-601
-503
-453
-325
-191
-146
-94
-39
19
39
49
68
86
86
118
139
125
124
111
77
69
80
66
106
199
177
21
-72
-90
-27
65
52
46
119
192
163
257
315
301
304
343
373
390
395
384
388
397
418
414
326
285
285
254
240
250
225
209
204
203
201
230
244
266
268
249
227
233
257
284
309
245
237
255
236
206
196
217
234
219
190
171
145
110
105
90
50
45
44
54
71
84
92
92
95
95
92
89
98
76
35
18
18
62
84
68
50
40
41
80
100
107
74
68
80
83
89
128
146
166
180
196
196
181
165
156
205
208
207
201
193
189
211
201
217
211
200
160
188
222
249
259
215
223
250
209
215
255
284
219
188
212
221
223
211
169
191
217
227
211
152
74
48
69
60
34
56
100
130
176
175
149
163
156
61
19
70
79
81
107
136
139
168
147
116
104
117
109
97
86
74
83
94
100
114
104
83
76
88
84
101
88
88
91
88
71
112
139
122
90
86
20
-22
-3
35
81
75
84
113
127
132
113
127
129
131
80
63
59
55
53
10
5
16
2
-14
-13
-17
-12
-17
-18
-34
-22
-33
-66
-73
-100
-105
-69
-46
-70
-73
-47
-44
-47
-42
-47
-87
-88
-61
-62
-59
-74
-89
-101
-108
-117
-117
-118
-125
-130
-143
-164
-159
-165
-186
-171
-103
-116
-114
-86
-87
-115
-106
-87
-71
-80
-104
-99
-94
-96
-76
-81
-88
-88
-80
-102
-99
-115
-125
-127
-136
-150
-131
-127
-127
-113
-102
-91
-94
-72
-74
-87
-102
-95
-66
-50
-46
-53
-49
-50
-52
-30
-13
-8
10
25
25
4
3
32
40
11
32
64
73
98
129
179
191
205
282
312
307
331
335
317
329
363
375
403
401
385
384
377
360
342
337
303
307
292
292
278
266
230
239
239
223
215
189
167
210
239
222
214
220
191
116
111
145
148
162
180
172
157
163
163
172
154
159
194
207
196
187
200
224
190
161
172
168
148
166
138
84
-15
10
55
72
62
47
67
93
124
131
125
144
169
180
175
197
246
227
188
211
189
162
193
223
172
147
165
174
193
223
242
252
252
251
244
243
205
195
237
272
266
254
256
257
269
251
223
207
166
132
131
92
107
136
127
158
221
187
174
189
169
123
101
102
70
64
68
58
28
-26
-25
-28
-54
-59
-92
-127
-147
-122
-118
-114
-122
-112
-109
-114
-123
-139
-160
-174
-181
-197
-210
-233
-262
-262
-266
-271
-267
-275
-281
-286
-284
-291
-284
-283
-281
-270
-266
-232
-210
-209
-203
-203
-227
-223
-202
-220
-232
-233
-230
-229
-226
-227
-217
-184
-145
-123
-152
-159
-145
-145
-120
-92
-73
-65
-62
-61
-54
-66
-73
-80
-101
-126
-121
-127
-130
-125
-122
-96
-64
-58
-72
-112
-108
-91
-103
-144
-142
-130
-163
-177
-159
-140
-118
-111
-115
-130
-128
-143
-149
-133
-120
-71
-36
-27
-50
-58
-59
-64
-48
-23
-13
5
15
18
10
26
26
41
31
24
23
-3
7
-3
-20
-13
31
51
81
93
92
78
63
45
70
52
47
67
68
66
67
31
28
41
82
84
104
116
100
120
123
97
94
127
117
56
27
20
-24
-1
11
15
53
87
84
49
130
185
166
166
167
176
160
152
135
145
122
111
113
101
98
107
82
69
96
93
90
74
57
57
69
72
75
74
81
65
57
73
77
65
76
80
117
120
122
142
142
132
125
136
152
143
122
133
147
124
133
163
134
120
150
150
159
179
153
126
128
141
165
201
207
162
159
144
117
134
186
179
172
190
186
175
173
150
111
112
133
129
125
111
110
91
98
81
77
88
118
110
87
79
85
75
61
104
92
74
2
-46
-66
-84
-115
-120
-114
-162
-156
-165
-195
-217
-202
-229
-232
-246
-250
-273
-280
-276
-283
-277
-300
-320
-323
-267
-266
-269
-272
-277
-301
-273
-263
-253
-260
-246
-263
-263
-266
-246
-230
-212
-212
-206
-205
-187
-162
-149
-151
-155
-152
-135
-99
-94
-112
-132
-157
-172
-156
-139
-126
-107
-90
-74
-65
-75
-77
-68
-1
36
27
45
59
56
34
13
-7
2
-20
7
21
25
19
35
54
58
73
75
82
88
94
97
105
91
71
74
53
46
56
82
84
34
-8
-21
-35
-16
28
36
22
39
56
76
80
60
56
57
63
83
88
92
96
84
124
124
109
128
106
92
125
143
139
126
130
126
138
127
140
167
214
250
228
217
199
184
165
175
151
122
135
157
171
148
107
103
80
36
41
3
3
-4
-79
-62
-30
-75
-70
-63
-93
-97
-109
-130
-114
-77
-63
-36
-42
-47
-54
-42
-64
-60
-69
-104
-157
-136
-95
-58
-71
-84
-85
-89
-61
-6
-24
-83
-97
-108
-93
-85
-65
-73
-72
-103
-115
-79
-91
-101
-76
-96
-151
-147
-114
-149
-127
-79
-72
-28
-61
-87
-24
53
75
83
72
70
112
133
95
51
53
150
149
116
112
152
173
173
235
253
207
180
108
70
110
171
169
136
150
71
39
63
43
52
77
85
70
41
26
113
118
81
85
116
45
39
75
80
51
44
84
0
-122
-34
33
-21
-44
6
26
-17
-17
-32
-24
-1
19
40
49
63
76
57
71
91
147
137
72
53
77
61
82
112
90
82
38
23
61
56
57
55
41
30
-1
-4
12
9
11
8
6
6
-11
-18
-5
-19
-24
-26
-5
-3
-17
-28
-47
-63
-61
-68
-62
-76
-107
-117
-115
-92
-84
-81
-66
-84
-74
-76
-86
-71
-66
-47
-22
-20
-67
-79
-64
-45
-60
-122
-136
-110
-107
-109
-83
-91
-124
-93
-65
-79
-76
-68
-74
-62
-73
-62
-35
-13
-12
-63
-38
-18
8
13
56
102
88
92
147
149
135
140
170
183
213
246
249
261
293
312
304
341
341
351
357
357
367
376
372
356
348
355
347
361
361
364
353
347
375
373
371
374
311
298
311
242
168
93
70
13
-83
-100
-135
-134
-94
-42
-42
-34
-4
7
10
16
6
30
47
33
27
18
9
23
55
57
48
37
30
41
36
24
-12
-12
16
9
-11
-13
9
4
-7
-22
-18
2
6
2
3
-13
-2
-4
-26
-48
-37
-52
-72
-58
-37
-61
-89
-86
-93
-102
-78
-73
-72
-53
-43
-30
-8
20
55
56
43
78
86
119
148
189
205
190
182
211
259
334
338
317
347
353
325
328
345
343
339
311
307
297
246
230
268
258
249
267
277
302
303
281
283
318
334
301
294
301
282
227
238
249
236
245
282
287
273
263
234
194
189
159
121
119
119
114
114
123
142
137
133
149
165
180
160
144
173
193
159
179
176
189
241
259
266
318
309
263
314
371
396
345
279
289
308
348
339
309
258
233
263
253
195
225
236
266
272
246
248
264
237
270
258
237
210
196
230
251
302
301
271
266
225
118
32
62
156
162
168
175
135
30
-13
-80
-76
-92
-115
-141
-164
-186
-198
-179
-184
-181
-180
-179
-161
-149
-132
-82
-60
-52
-45
-3
-46
-81
-127
-112
-70
-71
-103
-73
-58
-101
-120
-123
-126
-126
-76
-61
-58
-59
-13
-43
-72
-62
-62
-70
-75
-74
-77
-85
-152
-180
-169
-150
-128
-101
-120
-106
-106
-121
-121
-83
-79
-91
-37
-12
-29
-32
-46
-50
-29
-18
-12
-20
-43
-80
-100
-113
-110
-90
-82
-101
-102
-140
-167
-172
-167
-174
-191
-208
-198
-159
-121
-120
-106
-142
-141
-136
-132
-129
-126
-106
-93
-84
-75
-66
-71
-59
-71
-77
-88
-83
-93
-102
-69
-51
6
4
9
-15
-29
-50
-53
-25
-21
-10
2
8
3
-8
10
5
8
1
49
60
71
105
116
132
145
155
135
151
163
159
166
182
187
166
154
159
157
179
203
199
195
184
190
202
175
172
173
181
188
196
159
125
129
141
141
149
170
116
95
101
96
80
85
110
145
136
80
71
29
8
49
67
62
53
62
58
66
58
59
39
5
14
5
-15
-29
-22
-17
-16
-3
-29
-37
-38
-46
-70
-51
-48
-54
-46
-12
-12
-18
-22
-24
-35
-48
-38
-34
-17
-15
-15
-11
-11
-3
1
-11
-34
-40
-46
-43
-37
-13
-21
-39
-40
-57
-57
-74
-74
-68
-60
-54
-37
-66
-62
-79
-104
-107
-139
-168
-183
-187
-207
-164
-124
-116
-95
-93
-86
-82
-57
-35
-40
-46
-31
1
2
15
4
-11
-4
24
26
15
33
50
70
62
63
81
84
101
133
187
190
227
252
273
282
293
316
349
386
395
398
430
465
473
504
536
533
542
555
561
549
527
550
557
562
527
513
485
489
538
573
570
569
577
579
547
560
576
511
537
619
604
570
601
589
516
484
506
474
458
478
501
484
462
444
408
408
360
342
324
312
304
279
261
228
185
144
109
89
79
42
-4
-24
-59
-91
-130
-133
-133
-109
-78
-62
-81
-70
-69
-55
-34
23
9
-22
-11
-13
-76
-89
-51
-38
-53
-3
17
8
21
60
113
177
188
174
214
207
151
102
102
132
147
133
123
123
108
99
92
105
159
201
189
209
203
167
170
143
131
119
100
86
92
99
82
99
131
118
72
91
119
132
110
95
83
107
111
102
82
87
67
65
44
44
59
19
-16
-36
10
30
47
60
74
69
50
48
54
41
26
24
31
18
29
30
22
-11
-48
-66
-88
-78
-89
-103
-102
-102
-128
-127
-108
-111
-114
-101
-87
-102
-95
-106
-91
-90
-71
-56
-43
-8
9
13
-1
-1
-5
-4
3
22
33
34
28
33
47
33
51
48
32
33
39
13
27
25
25
42
49
37
38
57
58
63
60
52
48
47
32
38
39
74
76
88
78
78
83
80
105
112
100
80
98
110
89
47
68
77
101
103
125
123
139
149
137
125
114
112
127
107
93
104
95
63
62
60
51
65
81
71
72
78
65
69
72
65
32
22
-4
-12
-28
-39
-49
-56
-82
-77
-97
-95
-97
-91
-91
-80
-100
-99
-102
-87
-60
-67
-75
-61
-85
-103
-106
-90
-48
-54
-60
-63
-50
-47
-32
-11
9
29
20
35
37
27
38
52
57
45
87
85
75
65
80
69
90
118
151
161
159
154
166
145
145
168
179
172
191
207
199
193
204
218
217
224
182
174
205
244
277
297
314
316
315
355
384
384
355
357
385
353
356
380
358
366
408
411
395
385
409
422
412
422
433
439
444
454
444
402
427
503
489
441
470
481
420
384
446
470
452
433
398
386
401
410
424
423
402
407
382
358
349
351
406
429
410
359
362
401
418
430
402
371
368
390
407
385
389
390
402
444
456
428
405
404
392
364
355
338
361
375
386
373
350
325
324
278
246
210
219
205
167
164
141
116
89
69
94
93
59
62
60
43
71
84
88
113
113
48
-6
6
-15
-30
-24
-3
-29
-51
-52
-79
-125
-159
-140
-191
-211
-244
-271
-305
-338
-356
-368
-374
-405
-419
-438
-432
-454
-475
-481
-471
-486
-494
-517
-539
-537
-503
-516
-520
-518
-496
-511
-501
-500
-498
-514
-485
-469
-474
-489
-482
-490
-496
-481
-454
-437
-453
-468
-453
-405
-402
-404
-389
-380
-364
-347
-320
-284
-283
-268
-219
-192
-172
-147
-136
-122
-109
-107
-94
-80
-47
-31
18
25
38
38
14
2
-1
0
44
78
89
81
65
57
74
105
146
142
159
197
234
204
207
206
202
198
189
224
259
258
252
268
273
275
257
233
212
195
199
202
219
248
228
220
224
227
236
247
261
247
210
188
162
107
106
95
97
100
70
64
71
54
48
40
41
18
26
46
34
24
21
9
-6
0
11
8
10
20
61
75
87
123
123
91
53
65
113
192
175
124
97
86
9
-27
-50
-70
-81
-69
-88
-105
-113
-122
-98
-86
-85
-68
-28
-44
-102
-128
-49
-23
-11
29
53
80
97
73
44
27
51
66
90
58
-17
-55
-47
-13
14
48
73
71
90
79
73
135
122
40
37
12
-22
-52
-50
-2
22
28
31
43
50
24
-1
31
27
41
66
72
94
105
84
90
106
112
110
114
157
173
141
149
160
146
131
123
64
-14
-43
-65
-66
-70
-53
-31
43
46
-23
-32
-6
1
2
-2
-4
17
-24
-40
-64
-109
-95
-69
-63
-46
-51
-38
-1
-3
-1
40
22
-5
-9
-26
-7
-2
-15
-1
-20
-70
-68
-44
-77
-62
-27
-55
-70
-64
-83
-80
-44
-47
-62
-69
-95
-125
-104
-103
-79
-54
-79
-86
-97
-105
-79
-41
-46
-60
-67
-97
-106
-86
-52
-56
-52
-59
-55
-52
-73
-89
-115
-136
-124
-129
-139
-128
-136
-127
-106
-97
-85
-57
-39
-35
-12
-7
-51
-53
-43
-39
-14
2
27
40
31
67
78
65
94
73
63
138
165
121
43
39
48
37
84
91
84
91
88
94
105
152
226
240
264
241
270
308
292
317
294
298
319
305
288
311
299
287
273
281
293
315
302
291
299
327
323
308
335
377
321
304
322
330
325
341
331
304
312
307
307
295
313
333
325
293
314
330
324
355
317
281
244
275
286
255
259
224
251
251
258
258
255
214
199
206
172
162
159
186
227
232
212
236
251
201
184
206
233
277
289
210
187
194
218
192
251
256
273
273
207
197
205
201
217
177
164
204
194
164
146
48
17
54
194
232
268
252
205
150
106
58
4
-39
-34
-66
-101
-89
-72
-86
-80
-48
-16
29
29
0
-70
-139
-213
-278
-301
-327
-340
-347
-357
-353
-334
-321
-315
-318
-309
-289
-289
-302
-314
-345
-378
-421
-424
-372
-331
-327
-264
-248
-249
-233
-231
-206
-182
-188
-195
-185
-174
-177
-170
-168
-186
-182
-185
-180
-194
-165
-153
-106
-48
-18
-8
11
3
25
50
46
31
25
40
40
27
62
117
118
126
146
152
116
111
109
117
146
156
139
152
195
191
231
230
227
216
216
201
216
235
219
202
232
231
244
286
313
300
292
274
292
301
308
332
293
208
178
220
272
327
333
312
310
338
316
264
286
301
253
247
303
307
238
202
239
248
243
289
283
261
281
253
205
158
149
151
181
180
127
86
117
142
138
142
132
141
161
164
132
126
45
31
15
42
74
62
37
59
107
126
205
253
176
69
50
34
18
-13
-34
-25
23
22
-25
-44
-59
-83
-85
-96
-113
-113
-142
-160
-194
-175
-125
-93
-61
-52
-58
-80
-155
-223
-233
-204
-186
-184
-178
-168
-188
-185
-178
-193
-196
-205
-213
-214
-203
-227
-229
-223
-211
-217
-199
-194
-190
-174
-185
-172
-156
-152
-137
-118
-104
-102
-100
-117
-149
-182
-194
-145
-136
-154
-171
-181
-179
-212
-238
-251
-267
-273
-285
-247
-240
-231
-236
-254
-350
-405
-403
-378
-339
-302
-281
-220
-185
-151
-137
-122
-94
-61
-36
-24
-16
-2
13
31
48
57
78
95
83
95
105
115
123
140
151
126
148
125
124
136
159
171
159
156
141
161
161
137
160
152
153
153
166
183
199
214
227
243
262
265
191
202
233
195
144
157
177
189
160
136
103
111
128
174
220
211
251
236
201
193
200
171
155
163
208
201
143
141
186
190
164
150
161
144
150
141
142
153
189
180
169
178
151
160
150
140
128
122
105
89
114
132
155
174
228
223
188
99
73
74
79
73
53
43
20
7
48
67
81
83
76
86
40
28
60
111
162
162
144
109
126
108
72
83
68
37
45
45
41
24
21
-6
-39
-48
-51
-90
-116
-97
-114
-119
-146
-161
-172
-152
-122
-102
-108
-119
-123
-121
-127
-135
-109
-106
-110
-135
-145
-132
-116
-120
-85
-95
-108
-132
-139
-125
-121
-99
-68
-64
-12
3
2
-9
-34
-61
-62
-35
-5
-3
0
22
52
59
35
33
18
9
-10
17
52
40
35
41
94
115
107
78
76
90
92
97
86
97
88
78
73
77
72
61
56
49
66
42
44
44
40
53
30
30
11
15
15
7
-18
-46
-17
-1
4
5
6
41
41
36
33
9
18
-3
-1
0
-5
-1
-13
-23
-45
-49
-58
-75
-85
-71
-89
-112
-101
-89
-88
-93
-107
-102
-70
-48
-50
-54
-54
-49
-36
-40
-36
-13
-4
-14
-14
-23
-42
-69
-65
-13
14
40
33
31
22
11
-2
-37
0
3
-1
-3
-5
21
16
13
3
-6
-31
-18
-9
17
21
2
36
67
37
50
46
35
29
13
-39
-70
-89
-88
-113
-119
-118
-94
-74
-70
-43
-35
-48
-44
-23
-15
-11
1
25
28
12
-1
-25
-46
-35
-28
-48
-52
-39
-66
-55
-23
-7
-26
-44
-44
-35
-46
-51
-45
-8
35
40
15
9
-4
9
8
-20
-31
-50
-61
-49
-31
-30
-26
-35
-23
-24
-55
-81
-78
-76
-73
-68
-54
-37
-31
-22
-17
-11
-21
-55
-91
-79
-95
-71
-58
-56
-34
-14
-7
-28
-34
-23
-5
9
14
34
-3
-10
17
-1
-39
-28
-34
-55
-57
-42
-33
-24
-5
16
29
-8
-54
-84
-53
-43
2
5
-7
24
46
16
15
27
64
117
170
167
166
221
262
246
227
169
85
38
25
11
22
23
19
17
-4
-32
-59
-50
-36
-41
-49
-25
-24
-39
-46
-46
3
24
-30
-60
-59
-72
-76
-85
-36
-3
-16
-55
-69
-12
0
-16
-17
12
8
4
20
13
-1
3
1
-22
-35
-53
-48
-23
1
260
8
19
51
54
47
38
35
49
36
28
36
42
66
76
93
107
118
127
53
37
69
44
60
75
103
121
108
99
98
82
42
27
59
61
51
52
44
40
67
79
84
84
76
77
88
94
48
56
72
60
25
58
112
117
118
107
125
143
150
180
166
168
175
172
168
195
207
204
233
224
221
242
254
227
220
225
210
201
226
223
239
237
238
234
215
198
232
253
264
235
252
275
252
240
261
255
246
222
242
253
211
189
168
190
204
218
251
256
255
243
246
237
267
288
272
258
276
263
235
238
229
225
250
252
236
261
267
287
283
281
259
267
258
266
266
234
220
253
281
283
284
274
282
301
295
280
260
282
263
224
253
262
239
227
5
227
221
222
256
324
398
446
422
388
420
422
420
418
385
362
364
322
315
314
315
318
309
325
277
254
298
322
309
307
303
279
278
270
281
265
264
303
302
304
340
327
251
223
238
230
244
269
278
272
262
260
262
289
281
257
280
333
348
320
331
356
350
332
279
280
315
348
343
323
295
252
267
281
261
242
238
220
200
212
182
191
195
174
134
122
90
107
138
189
208
200
185
190
200
192
175
197
233
248
237
211
212
219
199
185
174
185
180
155
150
106
100
129
115
96
109
147
172
145
160
194
171
116
160
134
46
100
152
134
82
1
-96
-67
140
230
44
-68
-36
-86
-54
95
137
127
102
44
-13
-9
-4
-22
-29
-77
-63
-48
-91
-69
-65
-63
-81
-99
-123
-150
-181
-179
-196
-180
-138
-108
-145
-157
-150
-143
-99
-102
-71
-51
-60
-65
-77
-68
-98
-128
-140
-183
-161
-122
-124
-134
-162
-188
-207
-223
-212
-197
-211
-150
-135
-119
-130
-165
-162
-128
-63
9
-11
-10
-12
-17
30
26
-7
-11
11
-2
21
104
88
88
145
163
170
167
164
200
229
247
274
331
385
308
214
270
316
306
283
275
303
347
352
319
294
217
182
238
288
312
336
330
296
257
248
278
274
257
244
234
233
192
198
289
301
279
302
278
223
223
220
191
190
215
202
227
238
204
178
191
184
170
173
145
138
104
71
44
8
14
-4
-46
-77
-93
-93
-120
-108
-116
-142
-167
-174
-202
-201
-209
-204
-218
-195
-171
-188
-188
-199
-222
-208
-194
-178
-176
-184
-187
-204
-237
-245
-237
-246
-237
-253
-272
-281
-265
-286
-285
-286
-306
-297
-303
-334
-339
-327
-357
-345
-342
-335
-332
-321
-325
-338
-310
-305
-295
-273
-253
-255
-250
-222
-190
-156
-142
-100
-84
-99
-85
-95
-126
-149
-138
-121
-127
-123
-112
-111
-118
-114
-113
-92
-83
-60
-63
-60
-33
-32
-13
-1
17
30
29
50
49
34
-4
24
36
25
33
46
53
100
111
88
96
99
94
75
73
82
65
58
71
58
67
72
85
63
79
83
112
120
109
114
121
136
136
150
145
147
123
116
119
87
105
90
95
109
145
139
136
133
122
122
117
129
149
138
138
142
160
140
129
139
143
115
115
123
123
122
123
124
133
102
90
79
77
57
66
78
78
55
39
29
43
70
73
81
92
89
75
58
66
63
46
39
46
51
52
48
32
60
66
59
60
35
6
-8
-24
-35
-37
-9
15
28
30
-16
-27
-32
-35
-43
-58
-56
-61
-62
-22
10
20
19
15
13
14
33
28
-4
8
24
44
30
-4
3
26
40
23
-1
-3
-26
-40
-23
7
15
20
34
113
149
138
114
70
-16
-26
30
33
72
150
180
204
165
95
103
124
106
88
64
66
88
54
36
34
-30
-59
-132
-166
-199
-184
-169
-114
-72
-71
-116
-123
-181
-213
-192
-157
-133
-164
-148
-159
-129
-119
-144
-197
-194
-183
-167
-114
-97
-84
-46
-47
-24
-21
-30
-28
-17
-41
-25
-27
-73
-81
-94
-90
-71
-51
-54
-59
-68
-70
-52
7
14
14
-18
-62
-82
-108
-147
-155
-179
-207
-184
-168
-176
-164
-86
-76
-67
-24
40
86
107
114
114
127
149
155
155
169
191
197
199
220
214
218
357
387
212
245
263
233
223
242
259
264
248
250
247
224
236
225
213
223
221
204
208
225
218
194
194
209
180
144
136
191
226
231
251
226
219
248
258
257
266
219
174
180
181
171
175
185
181
162
152
115
105
131
174
201
206
193
169
165
142
138
138
140
146
143
161
176
172
203
211
170
165
162
139
118
135
143
112
94
70
71
73
56
71
95
81
43
56
63
35
12
-5
-27
-8
-7
-23
-55
-71
-81
-77
-82
-94
-76
-73
-89
-67
-55
-61
-56
-57
-54
-23
-49
-93
-83
-97
-105
-112
-81
-56
-73
-94
-140
-142
-149
-152
-157
-152
-158
-142
-119
-121
-81
-97
-109
-106
-112
-117
-132
-131
-145
-145
-115
-114
-119
-136
-160
-184
-171
-160
-177
-172
-148
-142
-129
-109
-73
-90
-119
-145
-134
-134
-132
-147
-137
-108
-86
-71
-79
-73
-76
-53
-68
-82
-93
-108
-110
-118
-103
-95
-84
-103
-134
-134
-134
-138
-143
-123
-108
-112
-112
-92
-79
-77
-45
-16
-12
-13
4
-3
11
17
18
9
42
41
52
68
86
93
111
96
108
109
117
115
120
94
68
66
93
84
88
109
127
106
110
126
110
106
113
109
122
121
129
169
162
166
166
154
138
172
171
166
165
143
140
149
133
133
148
135
156
148
156
125
128
96
98
114
117
165
170
191
161
159
167
163
167
151
141
122
148
131
121
118
129
131
124
108
64
26
29
34
9
10
41
36
53
41
77
84
75
89
85
74
61
42
27
31
32
40
39
21
-2
-37
-51
-55
-71
-80
-100
-86
-92
-99
-93
-117
-128
-133
-132
-155
-159
-155
-172
-178
-184
-181
-163
-155
-146
-129
-145
-139
-124
-104
-116
-133
-121
-118
-114
-92
-74
-82
-67
-52
-56
-45
-40
-47
-38
-39
-41
-38
-31
-36
-52
-50
-48
-75
-92
-104
-98
-106
-72
-76
-48
-21
-28
-32
-16
22
39
41
45
62
82
84
98
121
138
139
150
170
169
174
216
226
211
245
230
222
230
245
252
256
259
264
262
262
257
269
254
266
258
266
278
308
281
294
296
303
313
312
298
337
342
325
336
330
323
330
358
332
347
342
331
323
317
301
294
290
289
278
277
244
247
253
252
227
202
190
180
160
161
164
156
153
149
159
152
164
164
169
158
163
187
172
177
204
217
224
257
232
227
247
190
186
200
203
181
231
234
224
236
243
217
218
208
193
198
157
171
182
167
143
149
167
161
136
145
115
92
57
74
98
116
104
93
78
68
63
59
41
61
48
41
31
24
6
-3
-8
-28
-34
-32
-21
-34
-36
-61
-90
-103
-93
-105
-116
-124
-126
-124
-128
-117
-101
-103
-124
-135
-105
-102
-104
-102
-106
-94
-96
-81
-98
-99
-69
-101
-110
-103
-114
-108
-93
-95
-97
-87
-68
-73
-85
-78
-84
-50
-33
-34
-46
-77
-70
-65
-47
-14
5
24
29
22
48
83
73
52
31
37
58
42
51
101
113
143
152
182
183
184
194
181
188
217
211
210
248
254
264
268
271
283
311
320
319
295
312
321
328
350
357
359
372
395
383
367
367
357
405
419
393
406
429
437
440
476
464
463
457
488
429
454
456
439
425
438
429
419
397
424
429
436
434
451
443
459
445
433
449
457
451
467
469
489
497
472
435
433
439
428
446
437
460
445
450
485
459
463
461
445
480
488
475
459
497
530
531
549
577
636
638
638
631
674
704
675
680
667
681
662
657
631
509
395
368
415
487
550
523
566
581
551
508
493
462
445
404
371
319
297
238
231
198
154
155
139
133
110
98
75
66
66
51
56
47
34
28
20
28
28
2
-6
-10
-4
-12
-31
-64
-61
-82
-105
-110
-98
-103
-114
-109
-115
-132
-129
-137
-136
-168
-190
-201
-215
-211
-226
-243
-253
-270
-271
-263
-262
-285
-269
-276
-290
-292
-287
-288
-286
-265
-279
-279
-268
-281
-273
-269
-255
-260
-257
-264
-267
-278
-267
-254
-250
-256
-241
-247
-245
-254
-256
-266
-284
-276
-254
-242
-205
-202
-211
-188
-177
-173
-175
-159
-164
-167
-136
-128
-94
-101
-94
-74
-73
-75
-78
-65
-76
-53
-42
-41
-51
-39
-7
1
23
43
41
70
80
78
82
89
119
121
131
134
129
152
161
167
171
179
208
223
212
196
193
210
213
226
213
195
229
242
259
241
218
225
237
231
221
250
247
245
228
232
236
245
225
207
216
217
228
235
238
209
237
230
251
245
211
192
234
259
270
270
312
324
328
317
357
369
361
356
358
315
315
353
355
374
378
373
312
317
404
393
356
295
319
377
325
292
372
403
379
380
370
385
459
513
477
469
449
427
422
464
450
444
493
523
475
456
474
490
513
537
562
567
556
608
619
623
633
621
627
641
627
613
633
625
619
642
651
618
621
628
589
617
690
707
678
669
689
698
684
707
707
716
699
698
700
691
677
695
662
637
636
635
631
594
568
577
548
522
485
455
464
470
491
504
465
427
447
459
459
466
518
525
477
538
582
570
596
587
575
565
564
566
573
551
515
487
487
458
439
424
428
515
529
522
490
480
469
461
474
430
421
422
406
407
385
382
409
399
364
353
338
338
345
336
304
279
267
237
211
181
170
151
136
120
94
76
40
45
6
-27
-45
-53
-75
-95
-118
-103
-114
-131
-160
-195
-213
-235
-253
-279
-283
-285
-301
-313
-318
-329
-328
-346
-362
-364
-370
-368
-375
-384
-382
-395
-388
-396
-398
-390
-371
-365
-346
-326
-321
-310
-304
-275
-266
-262
-255
-227
-220
-196
-167
-129
-119
-117
-69
-36
2
22
37
66
89
103
134
165
174
190
217
250
277
289
303
320
318
307
308
319
309
304
291
284
297
314
293
314
327
320
315
345
345
359
385
387
358
355
382
372
386
406
392
385
393
377
332
323
329
325
332
331
318
305
289
288
278
259
260
254
249
255
249
234
178
177
174
178
161
163
165
182
180
178
176
192
197
182
180
181
167
161
179
175
190
185
175
153
136
113
103
82
94
95
102
112
113
113
94
82
91
93
89
88
97
87
89
73
59
55
26
37
26
26
41
32
55
50
27
13
15
2
-16
-38
-44
-49
-41
-61
-47
-58
-71
-60
-57
-58
-72
-69
-51
-57
-47
-40
-44
-30
-20
-19
-26
-16
-38
-41
-48
-51
-75
-110
-114
-133
-127
-114
-82
-62
-78
-72
-83
-87
-94
-146
-147
-148
-156
-169
-156
-162
-155
-100
-102
-97
-83
-43
-18
-17
-16
-16
-4
-29
-59
-83
-71
-24
18
8
-22
15
12
4
-9
-16
-45
-54
-55
-23
-29
3
-2
-3
-16
9
29
34
29
-30
-42
-48
-38
-40
-42
-55
-45
-26
-19
-29
-7
16
6
22
23
32
45
36
49
47
49
41
50
60
94
104
105
99
114
136
127
133
102
75
79
109
127
117
127
123
118
106
107
125
103
99
100
87
116
125
112
108
133
141
116
100
75
71
75
68
57
43
45
60
44
42
56
41
35
47
28
13
7
19
7
-2
-5
-8
7
5
6
2
-5
7
9
1
6
-4
9
17
6
4
-2
-18
-2
-29
-31
-34
-41
-50
-45
-54
-51
-37
-41
-38
-44
-35
-43
-45
-26
-26
-35
-58
-36
-32
-14
36
48
77
93
99
119
157
141
125
109
87
61
39
-4
7
29
11
29
67
108
112
100
106
112
64
53
40
37
1
9
0
11
-1
16
-12
-37
-56
-103
-99
-4
64
29
-7
11
32
48
79
76
79
82
75
29
-4
-5
12
26
43
53
36
29
28
29
-3
-8
-42
-42
-51
-47
-55
-37
-17
-24
-33
-36
-29
-48
-57
-91
-80
-80
-75
-82
-66
-51
-54
-58
-72
-55
-54
-48
-17
-9
8
13
28
36
52
65
66
73
66
85
82
98
97
91
105
92
93
88
76
71
66
50
43
50
38
24
32
49
64
67
61
51
56
95
102
119
126
123
125
139
134
148
158
186
190
178
184
164
150
140
151
197
217
215
197
194
217
214
212
220
215
185
158
180
177
155
156
155
143
151
143
153
165
137
134
138
150
137
125
97
75
36
3
-20
-72
-70
-77
-94
-113
-113
-131
-145
-136
-138
-137
-165
-178
-188
-189
-193
-215
-233
-233
-231
-244
-241
-248
-260
-244
-240
-255
-245
-258
-228
-230
-248
-228
-262
-238
-248
-241
-245
-269
-279
-263
-251
-249
-234
-223
-209
-201
-189
-169
-156
-132
-120
-108
-69
-62
-44
-57
-69
-58
-68
-51
-51
-49
-51
-46
-27
-38
-20
-25
-34
-29
-26
-31
-18
-22
-25
-12
-28
-4
23
20
12
37
39
54
31
43
51
52
66
61
83
120
110
121
112
118
97
120
132
146
177
190
144
139
179
203
214
221
244
233
213
219
225
190
191
192
201
217
223
215
225
213
213
192
197
210
218
223
183
216
218
233
229
230
225
217
192
160
160
148
152
157
192
198
166
171
160
152
143
117
102
105
135
150
152
140
136
139
136
142
125
134
143
131
128
101
101
93
74
38
-4
-20
-44
-62
-56
-83
-84
-102
-95
-103
-102
-73
-69
-77
-90
-79
-70
-76
-100
-104
-93
-98
-86
-101
-100
-78
-75
-67
-60
-62
-49
-61
-24
-39
-41
-49
-48
-54
-57
-56
-66
-81
-73
-77
-45
-55
-46
-69
-78
-70
-75
-69
-68
-56
-63
-44
-12
25
46
54
46
39
67
56
63
105
118
144
176
174
173
206
195
182
190
168
128
129
107
129
155
145
135
133
119
96
134
110
122
153
152
148
153
179
184
182
177
190
171
184
183
176
200
225
247
260
293
277
257
258
270
278
270
276
291
287
301
293
295
303
285
288
258
257
195
169
154
151
166
176
159
158
168
181
143
127
107
91
73
86
75
73
80
94
114
116
95
119
139
181
186
173
124
131
145
161
184
189
167
126
76
68
84
44
-1
1
14
-4
-36
-62
-55
-36
2
19
8
-18
-21
39
47
35
58
55
23
30
21
13
-11
-11
-12
-15
-59
-61
-70
-17
24
70
85
86
40
20
-20
-19
4
24
9
9
24
30
8
18
16
0
-38
-72
-119
-126
-156
-167
-162
-145
-129
-115
-89
-60
-64
-53
-56
-57
-58
-59
-47
-32
-32
-36
-1
-3
9
39
62
62
142
179
140
128
158
134
115
140
148
164
162
173
181
177
194
197
212
186
185
184
190
199
199
212
219
203
161
120
127
127
140
202
210
236
248
217
204
196
178
177
209
202
163
153
199
203
210
256
270
282
308
333
308
266
237
267
254
271
290
279
275
247
219
196
175
118
85
35
12
-48
-108
-112
-98
-117
-150
-138
-143
-132
-119
-103
-122
-126
-111
-99
-118
-141
-138
-119
-106
-146
-166
-166
-159
-141
-122
-122
-130
-127
-145
-151
-155
-164
-125
-94
-121
-125
-122
-145
-156
-150
-136
-103
-76
-33
-15
26
66
98
79
56
0
1
50
83
77
73
27
11
-27
-13
68
82
89
128
111
46
-1
-7
4
10
35
6
-35
-30
-13
2
7
23
15
17
46
32
16
32
35
49
54
29
21
40
62
45
62
60
37
42
50
32
46
65
57
57
49
77
70
65
63
81
77
93
97
131
131
139
144
157
126
130
134
157
157
203
182
181
148
131
129
148
158
159
152
127
113
124
121
120
133
112
120
118
125
98
139
151
157
157
178
163
143
165
184
193
194
208
185
166
155
152
147
144
138
156
148
167
186
216
226
199
186
157
151
167
194
188
207
228
226
210
194
197
202
177
132
138
136
144
123
157
141
101
85
90
57
43
50
59
58
60
39
45
40
18
45
48
46
24
25
-8
-12
-9
-19
-26
-52
-65
-87
-82
-86
-96
-102
-111
-125
-128
-119
-100
-91
-55
-70
-73
-75
-93
-116
-123
-132
-105
-78
-68
-75
-108
-129
-134
-152
-146
-147
-140
-129
-107
-117
-119
-116
-145
-155
-162
-170
-154
-149
-168
-156
-151
-149
-140
-142
-152
-150
-153
-183
-174
-162
-127
-99
-120
-98
-55
-81
-79
3
46
54
101
78
67
95
93
62
98
117
96
111
128
156
163
159
131
130
122
130
114
104
109
85
47
52
38
24
-2
0
10
14
-8
-19
-13
-10
9
9
11
-6
7
-1
5
-4
15
22
30
36
65
96
104
111
128
150
169
163
170
183
175
186
191
173
165
155
146
141
117
125
119
107
107
122
140
130
152
168
160
155
152
148
130
130
141
141
137
135
140
137
132
130
126
127
117
137
133
122
110
95
77
60
37
30
35
32
33
34
38
37
47
49
47
54
51
38
48
54
36
43
40
25
24
21
23
14
20
29
25
40
31
23
32
31
36
5
1
9
-19
-15
-12
-21
-15
-2
10
18
33
31
44
46
51
55
48
62
57
63
53
59
63
49
46
46
50
57
77
68
66
73
65
69
69
85
88
73
86
88
104
99
104
115
115
134
150
159
176
184
175
147
119
104
118
132
143
146
140
152
146
149
164
159
157
186
220
235
254
269
235
239
261
219
196
209
220
196
189
205
213
204
199
219
210
211
215
222
216
216
198
211
205
203
208
214
194
181
184
186
192
188
184
180
172
173
165
166
150
170
177
173
186
190
179
186
181
170
162
155
144
127
133
147
142
143
134
138
137
147
151
153
160
160
162
161
160
159
156
166
173
164
146
144
139
140
148
148
154
164
142
128
148
151
132
146
156
137
137
147
139
144
158
144
132
141
135
135
156
157
147
143
142
129
123
142
132
121
123
122
115
113
109
127
140
123
121
152
173
170
150
121
116
148
147
151
160
137
82
65
86
53
38
62
67
31
25
33
44
66
95
102
111
114
101
103
96
88
100
115
123
134
130
116
110
115
127
125
119
119
105
98
95
107
110
104
102
110
97
100
113
104
85
81
85
89
77
71
92
89
76
73
66
41
53
49
44
30
25
10
3
-9
-33
-48
-51
-59
-74
-72
-65
-75
-71
-70
-85
-97
-120
-136
-136
-143
-163
-166
-167
-171
-182
-208
-221
-198
-182
-187
-174
-159
-156
-195
-216
-219
-214
-199
-179
-181
-145
-97
-108
-96
-50
-32
-37
-64
-80
-63
-58
-62
-68
-71
-68
-46
-32
-38
-56
-90
-94
-71
-36
-38
-39
-24
-4
-14
-21
11
20
34
54
63
65
74
75
74
84
70
58
51
49
50
55
113
100
41
67
117
126
144
139
136
141
159
124
120
162
158
160
159
166
185
205
205
236
238
224
249
273
264
261
222
232
236
177
118
168
207
282
359
429
378
338
354
413
444
428
411
395
412
411
452
445
373
360
397
380
358
387
417
393
426
485
496
480
494
529
546
559
563
567
625
690
634
657
701
647
691
694
606
628
667
650
666
703
703
648
677
726
708
669
629
555
518
493
513
532
486
463
423
403
369
375
350
325
324
294
275
255
234
188
176
117
91
27
12
34
-12
-38
-46
-97
-104
-58
-54
-81
-114
-150
-142
-114
-114
-126
-112
-118
-122
-110
-113
-106
-84
-76
-73
-55
-34
-25
-44
-53
-76
-136
-77
-51
-93
-54
-20
-58
-2
-10
-55
-44
-80
-108
-101
-115
-120
-94
-87
-85
-94
-120
-162
-182
-170
-94
-43
-46
-13
23
28
32
43
46
32
57
69
83
104
111
117
128
134
118
113
91
68
56
79
85
91
97
77
67
76
78
74
81
88
81
90
120
124
86
79
70
40
8
-22
-53
-69
-92
-103
-104
-101
-109
-123
-122
-129
-149
-162
-194
-203
-190
-199
-202
-196
-172
-159
-145
-128
-103
-96
-105
-100
-113
-124
-103
-91
-94
-108
-137
-166
-163
-149
-143
-137
-118
-115
-108
-100
-101
-99
-81
-84
-93
-103
-106
-111
-103
-102
-111
-105
-108
-127
-135
-128
-117
-110
-113
-111
-96
-70
-79
-92
-82
-74
-72
-71
-52
-49
-51
-40
-25
-28
-26
-15
-13
-8
-17
-5
17
17
17
7
5
25
22
16
29
28
31
34
13
4
4
2
2
56
67
44
50
41
47
50
59
56
47
48
41
26
30
27
36
42
43
64
59
67
71
46
57
70
58
37
56
56
56
83
98
72
62
70
88
115
79
15
50
64
64
131
119
89
142
125
96
55
55
56
10
-46
-141
-193
-205
-154
-89
-56
-16
88
55
-4
39
53
30
6
0
0
14
4
-15
-18
-39
-38
-46
-93
-129
-206
-280
-341
-420
-439
-539
-592
-622
-681
-725
-774
-797
-829
-857
-864
-870
-917
-928
-953
-961
-921
-918
-913
-968
-1001
-993
-923
-846
-797
-774
-741
-753
-705
-621
-632
-622
-635
-607
-579
-627
-594
-491
-428
-289
-137
-36
223
326
358
441
442
503
549
580
684
639
608
620
706
712
661
627
559
608
606
628
627
663
648
695
678
624
634
662
665
647
675
709
707
708
737
712
707
683
676
705
671
627
507
465
424
328
218
157
201
115
-21
-140
-109
-33
-199
-205
-293
-410
-387
-412
-471
-604
-585
-553
-603
-592
-593
-641
-756
-682
-651
-648
-583
-603
-568
-527
-567
-501
-468
-430
-319
-179
-77
-46
-1
-10
84
223
221
229
266
257
268
290
330
324
267
214
166
145
556
933
1438
1690
1837
1154
738
441
294
300
383
365
366
417
333
289
273
299
353
373
332
348
338
302
246
316
320
254
239
278
254
294
285
266
211
247
330
325
277
375
325
323
314
295
247
159
118
128
53
24
-37
-56
-43
-59
-67
-41
-40
1
39
48
85
111
133
139
168
210
201
228
247
264
270
289
329
418
469
487
488
472
445
454
424
397
393
350
334
380
372
333
333
337
340
317
293
262
233
223
175
137
150
159
123
86
76
47
35
25
-5
-15
-31
-54
-57
-69
-90
-165
-201
-235
-314
-354
-381
-429
-468
-511
-565
-602
-634
-643
-665
-670
-669
-675
-677
-653
-628
-603
-579
-572
-573
-550
-539
-535
-520
-483
-458
-448
-447
-443
-462
-465
-452
-437
-456
-453
-455
-472
-489
-486
-484
-446
-416
-354
-301
-249
-191
-182
-149
-105
-42
11
42
66
84
107
126
161
180
177
186
259
278
249
310
355
345
376
417
361
319
358
364
365
421
442
468
508
522
492
509
504
530
514
492
495
502
494
473
421
388
345
298
278
245
197
171
120
93
77
47
48
47
12
48
49
39
64
76
89
81
78
113
125
160
171
166
159
174
186
175
161
187
200
170
194
212
219
231
238
251
234
194
196
207
182
182
196
184
189
175
177
198
173
153
149
143
122
120
101
105
116
125
116
100
89
102
97
98
48
-29
88
73
45
89
80
97
144
168
175
183
149
154
112
42
-64
-64
-23
-49
-82
-64
-70
-78
-109
-142
-143
-63
-88
-168
-197
-202
-125
-101
-41
34
62
63
53
-2
-39
-53
7
18
-9
8
7
-15
-1
-9
-48
-67
-49
-41
-16
-7
-26
-35
-17
-36
-73
-105
-115
-92
-99
-145
-162
-172
-160
-160
-152
-164
-167
-147
-106
-95
-107
-94
-76
-89
-84
-83
-66
-55
-59
-41
-40
-33
-8
6
4
20
53
65
84
104
94
97
141
156
180
214
217
196
190
177
208
203
186
172
172
174
157
181
185
190
190
199
210
214
212
204
220
200
187
189
191
181
184
191
194
201
219
214
228
239
256
258
252
245
255
274
284
275
261
267
279
291
299
358
406
476
531
529
573
603
614
662
697
731
740
784
835
854
857
869
891
896
896
905
917
929
936
956
914
882
862
753
676
612
623
615
559
526
514
508
464
391
330
284
259
251
235
191
184
167
129
102
94
61
23
10
-15
-19
-31
-77
-69
-93
-127
-163
-134
-144
-145
-142
-153
-146
-144
-144
-148
-151
-141
-138
-162
-156
-158
-171
-166
-170
-175
-198
-190
-193
-197
-158
-158
-179
-156
-150
-143
-137
-141
-163
-153
-144
-118
-67
-46
-20
24
47
76
111
129
149
177
208
241
248
275
294
289
269
252
224
187
120
100
100
74
41
37
25
-17
-38
-62
-102
-96
-129
-144
-122
-133
-149
-119
-82
-57
-31
-2
-8
1
5
22
28
8
-43
-64
-62
-93
-85
-86
-115
-107
-59
-59
-79
-11
17
45
65
92
108
109
137
123
91
44
20
-23
5
16
1
20
49
27
30
67
99
126
141
147
135
146
153
137
93
51
57
43
28
61
72
49
70
87
82
92
116
119
135
134
134
153
166
109
67
69
70
53
17
23
-3
-12
-10
3
10
17
36
33
29
20
-11
-59
-79
-136
-216
-252
-314
-351
-391
-430
-455
-430
-417
-425
-390
-337
-312
-314
-267
-218
-216
-184
-159
-138
-100
-83
-87
-77
-54
-41
-37
-8
-3
-1
12
12
7
15
24
25
25
38
39
47
81
102
114
76
56
42
25
-12
-90
-132
-167
-183
-179
-95
-17
36
51
40
27
3
-47
-91
-103
-118
-130
-124
-124
-114
-120
-120
-91
-82
-81
-98
-104
-135
-172
-178
-194
-213
-225
-227
-216
-151
-151
-183
-199
-217
-226
-221
-231
-241
-242
-244
-251
-235
-232
-238
-195
-176
-184
-174
-156
-155
-203
-214
-205
-209
-213
-211
-205
-183
-161
-175
-235
-264
-276
-282
-286
-257
-238
-246
-253
-247
-191
-160
-139
-111
-100
-79
-57
-52
-64
-92
-145
-170
-195
-216
-236
-242
-225
-229
-216
-195
-203
-196
-164
-133
-148
-138
-133
-126
-114
-97
-74
-22
26
98
122
194
287
351
421
464
529
588
628
679
690
727
744
756
760
755
756
780
775
771
751
738
669
640
566
418
331
194
127
120
78
69
89
51
5
-41
-41
-80
-91
-69
-59
-33
-8
-2
-41
-90
-105
-115
-124
-124
-126
-119
-114
-110
-122
-112
-113
-92
-112
-139
-165
-185
-202
-254
-266
-288
-295
-282
-292
-302
-332
-338
-303
-282
-281
-283
-275
-238
-183
-170
-161
-147
-116
-93
-84
-65
-53
-77
-102
-113
-104
-83
-64
-42
-12
9
24
3
-43
-79
-124
-142
-156
-152
-159
-187
-201
-215
-229
-167
-179
-226
-263
-329
-390
-402
-404
-348
-275
-358
-354
-229
-216
-179
-102
-88
-56
1
34
-1
8
-25
-35
35
47
45
100
124
140
170
177
149
130
156
194
190
207
219
240
275
293
304
280
269
246
236
192
145
146
131
133
192
272
318
350
329
258
182
168
107
72
83
56
57
72
74
81
121
146
136
131
134
135
125
128
140
141
154
163
171
171
163
151
154
152
170
160
140
164
173
177
190
175
143
123
134
118
109
114
111
110
97
83
61
29
-22
-43
-81
-110
-124
-116
-130
-169
-132
-141
-176
-184
-158
-142
-116
-76
-38
4
89
147
239
337
409
528
588
624
651
690
686
678
674
710
1500
-52
-499
703
1723
1584
-1310
-388
488
-1497
-549
912
-2628
-1702
-453
-1300
-1850
-1408
-1105
-1315
-1827
-712
-1279
-1094
-685
-1287
-640
-730
-738
-816
-528
-211
-389
-423
-160
-20
-102
-69
47
104
107
184
309
336
354
458
517
564
599
695
781
818
805
723
527
263
247
1
-140
-73
9
85
67
187
363
384
334
266
186
78
-71
-109
-139
-84
-57
-34
13
41
11
10
6
-13
-26
-6
4
8
7
-1
-11
-13
-14
-12
-11
1
2
-5
-5
-8
-9
-10
-9
-5
-5
-6
-6
-9
-8
-6
-7
-7
-8
-6
-7
-3
-3
-5
-6
-6
-9
-8
-13
-5
-8
-8
-3
-6
-5
-6
-13
-4
-3
-9
-10
-11
-6
-10
-11
-9
-9
-6
-6
-8
-9
-11
-9
-9
-2
-3
-7
4
2
-20
-19
-11
-11
-3
-6
-5
-12
-1
-6
-12
-9
-10
-6
-4
-6
-8
-11
-10
-5
-6
-9
-9
-7
-7
-9
-5
-2
-3
-4
-8
-6
-6
-6
-6
-7
-2
-6
-9
-13
-6
-5
-8
-7
-9
-10
-9
-8
-5
-7
-10
-4
-7
-8
-7
-4
-9
-4
-8
-4
-8
-6
-12
-1
-7
-7
-8
-8
-5
-9
-5
-12
-7
-6
-5
-10
21
379
296
409
565
797
785
673
614
590
444
320
252
176
125
39
-51
-94
-178
-224
-320
-415
-468
-530
157
-396
6
-16
70
143
180
309
449
681
888
989
1070
1096
1127
1123
1110
1097
1109
1146
1178
1225
1312
1366
1483
1615
1720
1861
1968
2137
1291
-763
-931
-116
349
140
280
96
-353
-61
189
74
-2
-213
-66
99
86
-9
-102
-57
41
58
11
-72
-60
26
39
3
-36
-31
2
11
6
-28
-24
-6
6
1
-18
-24
-5
3
0
-11
-16
-5
1
-4
-12
-12
-9
-1
-4
-10
-12
-8
-2
-2
-4
-16
-5
-5
-2
-13
-11
-8
-6
-8
-8
-11
-7
-8
-4
-9
-12
-8
0
-5
-8
-6
-6
-7
-9
-6
-7
-2
-5
-8
-10
-8
-9
-6
-7
-7
-6
-7
-6
-3
-8
-6
-4
-6
-7
-9
-10
-7
-10
-3
-7
-9
-6
-5
-7
-9
-6
-6
-10
-7
-14
-8
-7
-6
-8
-9
-5
-7
-6
-6
-7
-6
-7
-6
-6
-5
-11
-5
-6
-9
-8
-5
-7
-8
-8
-7
-7
-5
-5
-4
-10
-9
-9
-2
-13
-9
-7
-11
-8
-8
-6
-7
-7
-6
-9
-5
-9
-6
-6
-8
-8
-6
-5
-7
-7
-6
-7
-8
-9
-7
-7
-7
-9
-3
-9
-6
-11
-8
-6
-8
-5
-6
-5
-5
-10
-12
-11
-8
-9
-8
-7
-8
-4
-9
-12
-9
-4
-7
-10
-5
-5
-11
-9
-7
-7
-6
-8
-9
-9
-8
-8
-7
-4
-6
-6
-6
-7
-10
-9
-6
-5
-5
-6
-9
-11
-4
-4
-9
-10
-10
-6
-8
-9
-9
-13
-9
-8
-8
-6
-7
-7
-9
-10
-6
-8
-7
-8
-8
-8
-8
-8
-1
-8
-9
-6
-13
-7
-7
-9
-7
-5
-5
-8
-7
-7
-6
-6
-8
-7
-10
-13
-7
