16
16
16
16
16
16
16
16
16
16
16
16
16
16
17
16
17
15
17
16
16
16
16
16
16
16
16
16
16
16
16
16
16
16
16
16
16
16
16
16
16
16
16
16
16
16
16
16
16
16
16
16
16
16
16
16
16
16
17
16
16
16
17
16
17
16
16
16
17
16
16
16
16
16
16
16
16
16
16
16
16
16
16
16
16
16
16
16
16
16
16
16
16
16
16
16
16
16
16
16
16
16
16
16
16
16
16
16
17
17
17
16
17
16
16
16
16
16
16
16
16
16
16
16
16
16
16
16
16
16
16
16
16
16
16
16
16
16
16
16
16
16
16
16
16
16
16
16
16
16
16
16
16
17
16
17
16
17
16
16
16
16
16
16
16
16
16
16
16
16
16
16
16
16
16
16
16
16
16
16
16
16
16
16
16
16
16
16
16
16
16
16
16
16
16
16
16
16
16
16
16
15
16
16
16
17
16
16
16
17
16
16
16
16
16
16
16
16
16
16
16
16
16
16
16
16
16
16
16
16
16
16
16
16
16
16
16
16
16
16
16
16
16
16
16
16
16
16
16
16
16
16
15
16
16
16
16
16
16
16
16
16
16
16
16
16
16
16
16
16
16
16
16
16
16
16
16
16
16
16
16
16
16
16
16
16
16
16
16
16
16
16
16
16
16
16
16
16
17
16
16
16
17
16
17
16
16
16
16
16
16
16
16
16
16
16
16
16
16
16
16
16
16
16
16
16
16
16
16
16
16
16
16
16
16
16
16
16
16
17
16
16
16
16
16
16
17
16
16
16
17
16
16
16
16
16
16
16
16
16
16
16
16
16
16
16
16
16
16
16
16
16
16
16
16
16
16
16
16
16
16
16
16
16
16
16
16
17
16
17
16
17
16
16
16
16
16
16
16
16
16
16
16
16
16
16
16
16
16
16
16
16
16
16
16
16
16
16
16
16
16
16
16
16
16
16
16
16
16
16
16
16
16
16
16
17
16
17
16
17
16
17
16
17
16
16
16
16
16
16
16
16
16
16
16
16
16
16
16
16
16
16
16
16
16
16
16
16
16
16
16
16
16
16
16
16
16
16
16
16
16
17
16
16
16
17
16
17
16
16
16
16
16
16
16
16
16
16
16
16
16
16
16
16
16
16
16
16
16
16
16
16
16
16
16
16
16
16
16
16
16
16
16
16
16
16
16
16
16
16
16
16
16
16
16
16
16
16
16
16
16
16
16
16
16
16
16
16
16
16
16
16
17
16
17
16
16
16
16
16
16
16
16
16
16
16
16
16
16
16
16
16
16
16
16
16
16
16
16
16
16
16
16
16
16
16
16
16
16
16
16
16
16
16
16
16
16
16
16
16
16
16
16
16
16
16
16
16
17
16
16
16
16
15
16
16
16
16
16
16
16
16
16
16
16
16
16
16
16
16
16
16
15
16
16
16
15
15
15
16
15
15
16
16
16
16
16
16
16
16
16
16
16
16
16
16
15
16
16
16
16
16
16
16
16
16
16
16
16
16
16
16
16
16
16
16
16
16
16
16
16
16
16
16
16
16
16
16
16
16
16
16
16
15
16
16
17
16
16
16
16
16
16
16
16
16
16
16
16
16
16
16
16
16
16
16
16
16
16
16
16
16
16
16
16
16
16
16
16
16
16
16
16
16
16
16
16
16
16
16
16
15
16
16
16
16
16
16
16
16
16
16
16
16
16
16
16
16
16
16
16
16
16
16
16
16
16
16
16
16
16
16
16
16
16
16
16
16
16
16
16
16
16
16
16
16
16
16
15
16
16
16
16
16
15
16
16
16
16
16
16
16
16
16
16
16
16
16
16
16
16
16
16
16
16
16
16
16
16
16
15
16
16
16
16
16
16
15
15
15
16
17
16
15
16
16
16
16
15
16
16
16
16
16
16
16
15
16
16
16
16
15
16
16
16
16
16
16
16
17
16
16
16
16
16
16
15
16
15
15
16
16
16
16
16
15
16
15
16
16
16
15
16
15
15
15
15
16
16
16
16
16
16
16
16
16
16
16
16
16
16
16
16
16
16
16
16
16
16
16
16
16
16
16
16
16
16
16
16
16
16
16
16
16
16
16
16
16
16
15
16
15
16
15
16
15
16
16
16
16
16
16
16
16
16
16
16
16
16
16
16
16
16
16
16
16
16
16
16
16
16
16
16
16
16
16
15
16
15
16
15
16
16
15
15
15
15
15
16
15
16
16
16
15
16
15
16
16
16
16
16
16
16
16
16
16
16
16
16
16
16
16
16
16
16
16
16
16
16
16
16
16
16
16
16
16
16
16
16
16
16
16
15
16
15
16
15
15
16
15
16
16
16
16
16
16
16
16
16
16
16
16
16
16
16
16
16
16
16
16
16
16
16
16
16
15
16
16
16
16
16
16
16
16
16
16
15
16
15
16
15
16
16
16
15
16
16
15
15
15
15
15
16
15
16
16
16
16
16
16
16
16
16
16
16
-2
-125
-316
-361
-410
-529
-526
-451
-414
-365
-214
-102
14
15
15
15
15
15
15
64
131
116
215
245
252
301
329
307
262
219
17
17
17
18
17
18
17
17
17
17
17
16
17
16
17
16
17
16
17
16
17
17
17
17
17
17
16
17
16
17
16
17
16
17
16
17
17
17
17
17
17
16
18
17
18
17
17
17
17
-17
-162
-485
-550
-550
-550
-550
-550
-550
-550
-550
-550
-550
-550
-549
-550
-550
-550
-550
-550
354
-184
138
-14
8
13
149
450
549
548
549
548
549
548
549
548
549
548
549
548
549
549
549
549
549
549
530
345
47
13
14
14
14
14
14
14
14
14
14
14
14
14
14
14
14
14
14
14
14
14
14
14
13
14
13
14
13
14
13
14
14
14
14
14
14
14
14
14
134
434
549
549
549
549
549
550
549
550
549
549
549
550
549
494
147
16
15
14
15
14
15
-134
-269
-407
-550
-551
-550
-550
-550
-550
-550
-550
-550
-550
-550
-550
-550
-550
-550
-550
-550
-550
-550
-550
-550
-550
-550
-550
-550
-550
-550
-550
-550
-550
-550
-550
-550
-550
-550
-550
-549
-550
-549
-550
-550
-550
-550
-550
-550
-550
-550
-550
-550
-550
-550
-550
-550
-550
-550
-550
-550
-550
-550
-550
-550
-550
-550
-550
-550
-550
-550
-550
-550
-550
-550
-550
-550
-550
-550
-550
-550
-549
-550
-549
-550
-550
-549
-550
-549
-550
-550
-550
-550
-550
-550
-550
-550
-550
-550
-550
-550
-550
-550
-550
-550
-550
-550
310
-125
-4
64
41
13
13
13
14
13
192
337
476
549
549
549
549
550
549
550
549
550
549
550
549
550
549
494
267
138
17
14
15
14
15
14
15
14
15
16
13
14
13
13
13
12
11
8
4
-1
-14
-14
10
12
14
14
17
18
18
18
18
18
18
12
12
8
-2
-13
-8
7
16
16
15
16
16
13
11
12
10
4
-5
-10
-18
-22
-25
-25
-25
-18
-18
-18
-18
-18
-18
-17
-16
-16
-16
-12
-12
-7
-7
-5
-2
1
7
10
10
12
13
14
13
15
15
15
14
15
15
15
14
15
14
15
14
14
15
15
15
14
14
14
15
14
14
15
14
14
14
14
15
14
15
15
15
14
14
15
14
14
14
14
14
14
14
14
14
14
14
15
14
15
14
15
14
14
14
15
15
16
15
16
15
14
15
14
15
15
15
15
15
16
16
15
15
14
16
15
16
15
15
15
16
15
16
15
15
15
15
16
16
25
120
138
162
209
220
229
230
228
230
229
229
229
230
229
230
226
226
226
223
220
209
206
187
62
16
14
11
2
-22
-33
-50
-57
-58
-111
-122
-121
-122
-122
-123
-122
-118
-118
-118
-117
-110
-94
-101
-103
-103
-104
-104
-97
-92
-92
-92
-93
-90
-62
-52
-48
-49
-47
-47
-43
-41
-41
-40
-40
-42
-33
-14
14
22
33
55
117
127
166
183
199
214
219
227
232
243
243
246
252
254
256
258
259
260
259
255
253
254
254
247
242
241
241
240
240
232
232
230
230
228
230
228
227
222
220
219
218
218
216
211
210
210
209
209
209
208
210
209
209
209
210
209
208
208
207
203
201
180
164
152
126
119
55
31
24
19
18
16
17
18
17
17
17
18
17
16
17
18
17
18
18
18
22
23
23
24
24
24
24
24
27
28
31
32
33
33
33
34
36
38
39
39
35
33
28
24
24
22
19
20
19
20
19
19
20
18
19
19
19
20
18
20
18
20
18
18
20
19
20
26
27
28
26
27
27
27
27
27
28
27
28
31
31
31
33
34
32
33
34
35
36
36
36
37
26
25
25
26
26
24
19
20
20
19
19
19
18
16
17
16
16
16
21
21
23
24
23
22
23
22
23
23
22
22
21
17
17
17
16
15
15
21
28
66
103
117
122
124
123
127
131
134
134
134
135
135
127
123
122
121
119
116
108
104
100
99
108
114
107
88
84
84
74
36
31
17
17
16
16
15
16
15
16
15
16
16
15
16
16
16
16
15
15
15
14
14
14
14
14
14
15
14
14
13
15
14
14
14
14
13
14
15
15
14
15
14
15
15
14
15
14
14
16
15
14
14
13
15
15
15
14
13
16
15
14
12
14
14
14
15
14
14
14
13
15
14
15
15
13
15
14
14
13
14
24
30
37
95
130
159
165
178
196
198
198
199
196
182
166
160
162
166
199
208
215
221
219
224
233
261
264
269
297
296
311
321
326
334
349
335
298
239
245
246
260
267
284
286
294
298
298
293
292
289
268
264
233
219
201
185
216
283
322
361
410
435
475
480
484
487
478
450
431
430
429
428
422
420
413
405
395
376
369
361
358
355
336
331
330
329
303
262
253
207
183
171
162
164
132
130
127
126
135
153
153
152
155
167
166
163
162
174
170
162
162
160
160
165
186
186
177
199
211
217
231
268
272
287
312
327
332
334
332
334
327
320
304
290
267
245
223
216
208
170
164
163
149
136
119
115
106
103
103
127
140
198
206
218
234
233
232
236
241
241
241
236
229
204
186
143
103
73
38
38
36
36
37
36
36
36
33
26
17
17
16
16
18
18
16
17
14
14
13
15
13
14
14
15
14
20
33
58
130
167
194
223
239
263
267
286
286
288
285
279
278
280
279
279
280
280
278
279
265
240
221
215
210
205
208
215
215
213
205
197
174
163
164
156
145
151
160
159
161
160
164
171
172
163
138
124
121
109
106
105
87
77
91
96
110
113
108
104
92
81
66
73
105
108
113
122
120
113
106
106
110
110
115
110
110
102
101
96
92
91
98
99
90
88
84
82
80
92
129
206
219
239
264
269
283
283
283
242
211
163
170
171
151
139
132
126
117
74
74
66
41
35
34
34
33
34
31
31
21
18
16
14
12
4
4
4
11
15
16
17
16
16
16
17
16
17
16
16
17
18
18
25
31
37
114
136
168
184
187
190
190
180
184
170
142
141
110
62
51
23
16
17
18
17
15
15
15
15
15
14
15
15
14
14
14
13
13
13
12
14
13
12
12
12
12
12
11
12
13
12
12
12
12
12
11
12
13
12
13
12
12
12
12
12
12
12
12
12
16
17
16
18
17
17
17
18
17
17
17
16
17
18
23
31
36
64
85
101
114
125
118
129
135
157
161
164
159
139
126
113
75
63
63
52
35
18
19
19
18
18
18
18
18
37
116
176
196
236
261
283
302
303
297
293
286
231
210
180
171
161
127
86
14
14
12
12
12
12
12
12
17
16
28
29
30
58
61
61
61
62
61
39
16
16
17
16
19
19
19
20
18
18
38
114
210
226
230
217
198
140
133
128
97
74
60
33
19
18
18
20
17
17
17
18
37
60
70
66
55
55
56
55
66
70
58
57
56
49
57
69
70
106
122
129
64
30
13
17
16
17
16
10
3
2
6
8
12
13
15
14
19
18
16
18
17
18
18
17
18
18
18
19
18
18
18
19
18
18
17
19
19
19
26
68
68
69
36
23
18
30
40
105
124
160
193
225
266
285
301
305
305
300
300
294
289
272
238
233
215
201
186
154
128
44
39
39
51
52
64
64
51
39
39
39
39
37
33
27
26
36
70
124
135
188
216
279
310
318
358
372
391
400
408
429
434
451
455
460
466
467
462
468
472
475
476
479
478
479
479
478
480
481
482
482
482
483
483
483
484
485
485
485
489
489
490
489
490
482
476
466
442
436
418
408
391
337
312
268
243
226
201
172
176
205
211
217
223
245
248
248
233
220
184
176
172
167
167
174
173
164
154
140
138
139
138
138
138
136
136
128
125
119
88
47
17
17
16
15
14
16
14
15
15
14
15
15
14
18
18
20
21
28
49
66
97
113
138
196
217
228
228
232
232
232
232
232
226
225
221
207
199
179
174
172
160
154
138
129
124
114
105
65
66
63
40
38
37
38
37
37
35
31
24
20
21
20
21
20
20
19
20
20
18
17
14
15
14
14
14
13
13
13
13
13
12
18
18
18
18
18
18
18
19
18
18
19
18
18
14
14
14
15
14
15
14
14
14
13
20
19
20
20
20
21
20
21
20
20
20
20
20
20
19
20
21
22
21
22
22
22
22
26
49
125
138
142
141
143
140
138
137
134
131
114
105
74
69
63
36
30
22
20
20
18
18
18
18
18
17
17
17
16
17
16
17
17
17
17
17
23
24
31
27
23
21
18
15
16
15
19
21
16
16
15
15
14
14
18
18
18
18
18
18
19
19
20
19
19
20
20
20
30
69
74
65
48
44
49
74
142
166
169
169
174
179
174
174
180
212
266
280
298
325
324
324
324
324
324
319
336
349
363
386
392
391
392
392
366
347
298
260
234
228
205
170
170
179
179
173
179
184
185
179
185
206
208
209
210
212
207
207
207
206
207
220
227
232
232
232
224
220
222
226
231
240
252
296
311
316
326
328
323
316
288
281
278
276
276
276
273
273
273
269
266
266
267
267
266
265
261
255
255
256
249
238
223
207
203
179
163
161
158
148
130
128
134
72
66
80
62
44
38
40
38
37
36
36
36
35
41
42
43
43
43
36
36
35
34
34
34
34
34
34
41
41
42
42
44
44
42
44
44
44
43
44
46
44
44
44
44
44
43
44
45
45
45
44
44
41
40
41
41
40
39
40
40
40
42
45
52
44
44
45
44
43
44
49
46
46
47
45
47
44
50
49
45
52
62
53
56
55
60
61
61
64
63
64
62
61
61
62
59
61
63
62
62
66
68
85
89
88
90
75
65
64
65
67
62
62
62
62
60
62
63
63
62
61
60
63
70
70
68
70
68
69
68
70
73
74
76
81
88
96
104
108
113
119
114
107
104
102
93
89
89
70
57
44
44
44
43
44
43
43
42
43
43
44
42
42
41
41
41
41
41
40
40
39
40
37
29
25
16
3
-73
-92
-100
-113
-115
-114
-118
-119
-120
-120
-120
-120
-121
-120
-121
-120
-120
-120
-120
-120
-125
-127
-126
-123
-120
-119
-116
-113
-109
-105
-100
-98
-94
-84
-82
-57
-44
-39
-28
-24
-21
-18
-7
-1
1
10
14
18
19
18
20
18
19
15
14
14
14
23
22
22
22
25
32
32
33
32
34
36
35
35
37
38
38
39
40
41
41
41
42
41
41
42
41
41
41
41
41
42
41
42
41
41
41
41
41
41
42
42
42
42
42
43
41
43
42
42
42
43
42
41
42
42
43
43
52
55
56
64
77
81
80
81
81
75
55
40
40
40
40
39
39
39
44
57
153
183
224
242
265
285
297
326
339
344
351
361
382
383
386
400
399
400
400
400
400
400
401
401
401
401
397
395
395
395
396
400
400
400
386
372
351
306
288
255
239
218
148
124
97
96
90
60
58
58
58
58
58
62
67
67
68
67
67
67
67
68
74
88
121
144
155
168
179
181
182
185
196
201
216
217
225
227
229
229
227
228
224
223
223
222
214
211
212
211
209
205
206
202
184
176
172
170
169
169
176
184
186
190
192
194
197
200
200
196
196
193
191
190
189
187
186
185
185
185
185
185
185
184
184
185
183
180
180
182
179
175
174
173
174
172
172
172
165
159
152
115
56
36
36
37
38
35
20
17
17
6
-4
-2
-1
-1
-20
-20
-20
-12
-10
-4
5
19
25
39
36
38
38
41
40
40
40
40
39
40
39
40
40
40
41
41
41
42
42
42
42
42
43
42
42
42
42
42
41
42
41
42
43
42
42
42
43
42
43
38
38
42
42
42
43
43
43
43
44
50
58
74
86
88
98
103
128
130
134
149
152
146
148
148
147
148
157
160
162
162
162
161
162
162
162
162
162
156
143
134
128
124
122
128
132
135
136
136
122
118
101
85
74
62
60
57
42
43
42
42
39
40
38
45
52
56
63
63
60
59
59
59
60
59
74
78
81
80
81
81
77
77
78
76
77
96
138
146
149
149
149
149
130
96
88
66
58
49
45
45
44
43
44
42
38
39
37
39
37
38
38
38
39
38
38
38
38
39
38
39
38
43
42
44
43
46
53
65
79
82
106
138
146
153
173
201
208
215
216
216
218
204
192
202
206
218
220
224
224
224
209
200
159
153
151
148
149
131
130
130
129
128
127
128
138
138
138
130
128
127
126
122
122
123
122
118
113
100
99
99
97
98
94
90
89
90
88
94
96
98
97
96
87
85
85
85
86
88
90
94
98
97
98
97
97
97
97
92
93
93
93
92
90
90
91
98
107
109
110
123
131
150
169
206
230
236
259
264
270
278
284
298
302
304
320
328
346
352
360
375
386
403
409
417
427
428
432
438
443
443
443
444
432
398
384
383
377
373
352
345
339
313
294
253
234
219
204
201
196
195
197
200
199
200
200
200
194
192
190
186
181
176
171
148
142
138
134
135
132
137
138
138
138
138
140
141
142
138
137
136
136
137
134
135
135
129
124
122
119
119
125
124
123
124
125
128
124
125
127
123
124
102
87
72
59
50
45
41
44
44
44
44
43
43
44
41
42
41
40
41
39
41
44
44
44
43
45
64
79
91
129
145
150
152
154
152
148
146
144
141
126
128
98
84
77
77
84
92
92
91
107
117
118
123
124
119
117
119
117
112
114
113
116
116
116
123
122
123
122
123
123
122
140
146
151
155
175
208
205
209
209
209
204
203
200
206
206
201
201
193
193
194
193
200
210
214
223
232
237
246
252
261
262
257
262
261
253
252
250
248
249
248
249
249
248
248
247
245
244
235
226
191
169
150
75
55
50
45
45
44
43
44
43
49
49
49
50
50
50
50
50
45
44
43
43
43
43
43
47
47
47
48
47
47
47
46
48
47
47
48
43
42
40
41
40
40
40
38
40
42
40
41
40
39
40
40
42
51
62
87
132
145
137
154
161
176
175
180
194
193
193
196
202
196
197
193
185
179
152
130
91
87
82
69
70
69
70
68
57
60
58
58
58
59
58
68
84
90
95
96
96
97
84
68
61
44
41
42
40
41
41
42
43
41
43
43
42
42
42
43
46
47
52
54
52
54
52
52
53
54
55
56
63
93
119
123
128
130
129
131
127
125
128
124
122
115
102
95
89
66
64
62
57
56
55
54
59
56
62
49
66
61
70
70
72
80
103
88
73
77
79
81
62
74
72
68
65
66
66
65
65
65
73
92
162
186
219
228
239
248
251
255
254
253
252
255
246
245
243
246
245
250
252
254
260
262
266
265
265
265
262
259
259
269
284
291
310
320
316
318
320
314
309
312
311
306
302
296
286
288
284
294
292
298
300
305
314
314
311
315
314
311
310
304
308
299
296
286
281
282
277
282
279
282
280
281
286
284
284
279
280
280
270
226
176
142
84
53
43
41
43
45
42
44
44
44
46
42
42
41
42
43
42
42
44
42
42
43
42
40
42
41
42
43
42
42
42
41
42
41
42
42
43
42
42
43
42
42
42
42
42
42
42
42
40
42
43
42
42
42
43
42
42
42
43
42
42
41
42
42
42
42
42
42
41
42
41
42
42
42
43
42
41
42
42
43
42
41
42
43
42
41
38
37
36
28
19
-1
-22
-70
-95
-103
-124
-132
-149
-158
-160
-172
-172
-172
-172
-173
-173
-174
-172
-172
-174
-169
-169
-166
-167
-164
-164
-164
-147
-127
-91
16
31
41
41
53
146
154
183
202
232
233
238
249
250
259
264
278
298
304
317
321
323
316
315
310
305
301
293
293
284
281
288
266
266
266
265
266
262
263
263
261
263
260
261
257
258
257
240
228
216
217
217
217
218
217
217
223
223
223
224
226
232
233
232
235
234
234
228
224
210
188
157
151
146
128
126
126
139
145
149
154
182
189
204
216
222
235
244
247
252
255
256
259
258
258
262
266
264
272
277
277
277
276
276
277
278
277
277
272
272
273
266
267
262
261
261
260
259
258
259
260
257
259
259
260
260
260
258
258
259
256
250
249
246
241
220
215
214
214
215
212
214
218
218
217
218
217
220
231
237
241
245
254
258
259
265
267
270
269
272
273
273
275
275
275
275
273
274
274
269
266
263
260
242
228
204
186
162
160
155
131
121
117
108
101
97
96
96
93
92
92
92
90
91
93
92
93
92
91
96
93
91
93
90
90
91
90
91
90
90
90
91
90
96
95
96
95
96
96
97
98
98
110
112
118
117
118
119
120
119
119
119
120
114
112
114
112
113
113
123
122
122
123
122
122
122
123
122
122
116
116
115
103
100
99
99
97
90
88
74
66
58
56
49
44
43
44
45
44
44
43
43
42
44
42
43
43
43
43
43
43
42
43
43
43
43
44
44
44
42
43
43
44
43
44
43
44
43
43
42
42
42
42
42
42
42
42
42
42
42
42
42
42
42
42
42
43
42
42
42
42
42
41
42
42
42
42
42
42
43
42
42
42
43
42
42
42
46
46
46
46
46
46
46
46
46
46
46
46
46
46
46
46
45
46
46
46
46
46
47
46
47
46
47
45
46
45
46
48
50
51
58
62
66
82
96
101
103
122
133
148
152
151
152
153
153
153
153
153
153
153
155
154
155
158
160
164
182
193
204
217
222
227
226
229
231
234
235
235
235
235
236
230
226
224
205
196
177
174
171
169
169
162
160
159
159
158
158
158
157
158
162
164
166
169
168
170
168
169
168
169
170
169
175
184
186
187
188
189
192
191
191
191
187
187
186
187
186
186
184
184
181
168
162
147
139
135
127
127
125
125
124
123
122
121
121
107
96
88
67
64
57
56
57
56
58
62
64
65
76
83
89
96
100
119
123
131
139
139
143
143
147
150
153
152
151
152
152
152
148
148
148
149
148
147
147
148
146
147
150
152
151
152
152
158
157
162
168
192
203
210
215
210
210
210
210
204
204
200
201
201
199
196
196
197
195
196
195
196
197
196
201
201
203
207
211
212
211
212
212
212
212
212
206
206
201
201
200
199
197
197
196
197
208
212
218
218
228
234
229
230
234
234
230
226
223
219
220
212
196
146
132
129
118
116
104
86
56
49
42
42
42
42
41
41
46
54
69
90
128
146
151
189
205
214
218
218
212
213
216
216
216
215
217
211
199
189
170
166
164
152
133
128
129
123
114
111
112
100
90
84
66
57
56
47
46
44
45
44
54
62
63
76
80
84
84
84
88
88
88
88
92
93
92
92
92
93
88
89
88
89
89
89
88
89
88
88
89
88
88
88
89
92
94
94
95
105
108
109
111
110
109
106
104
100
100
100
100
100
100
99
99
100
98
98
99
104
103
101
94
93
89
88
89
86
85
84
84
82
79
79
78
76
74
74
74
73
71
70
69
64
49
46
45
45
44
42
43
43
43
44
43
43
43
42
43
44
42
42
43
44
43
44
43
43
43
42
43
43
41
41
46
47
50
51
51
51
50
52
50
51
46
45
45
45
45
44
43
43
44
43
43
42
43
44
42
44
44
43
42
44
43
43
43
43
43
44
43
42
42
43
42
41
39
38
38
38
39
38
38
38
37
42
42
42
42
43
41
43
42
38
39
38
38
39
38
42
42
42
43
43
43
43
43
43
42
43
42
43
44
43
44
43
44
42
44
43
44
43
44
45
44
44
51
55
57
59
85
101
150
155
161
172
181
182
176
181
183
182
190
194
193
194
194
196
196
198
194
193
193
194
192
191
192
200
208
214
216
220
221
220
216
216
216
213
213
213
213
213
214
212
216
217
216
217
210
204
204
200
187
185
180
177
173
171
170
177
180
185
186
189
194
194
194
194
190
153
118
91
56
41
42
42
42
42
42
43
42
42
42
42
42
40
41
41
41
40
42
40
39
41
40
41
40
39
40
40
40
39
41
40
39
40
40
40
40
40
44
44
44
44
45
44
45
45
47
46
46
46
46
46
46
46
46
46
49
52
52
56
50
46
44
43
43
42
42
42
42
41
42
41
41
41
41
41
42
41
41
41
41
41
41
41
40
41
40
42
42
41
41
42
41
42
41
41
40
41
41
41
41
42
41
41
40
41
41
41
42
41
41
41
41
42
42
41
42
40
41
41
40
41
40
41
42
41
41
42
42
41
41
41
41
42
40
41
41
42
40
42
41
42
41
41
41
42
42
42
41
40
42
42
40
41
40
40
42
41
42
42
41
41
41
43
41
45
45
46
48
56
62
62
62
62
62
63
62
54
52
51
44
44
44
43
42
44
42
42
41
42
42
42
42
42
54
121
142
199
230
245
267
281
294
295
303
320
324
328
336
344
344
346
346
346
347
346
346
346
345
346
347
346
346
346
346
345
346
347
346
340
339
338
338
337
333
331
331
329
325
326
324
314
285
267
234
214
191
160
152
127
109
91
66
67
63
61
60
61
59
61
61
61
60
60
60
60
59
58
59
57
57
57
57
57
58
57
58
56
59
57
57
57
56
58
56
57
57
58
57
57
57
58
57
57
57
58
57
57
58
57
58
56
57
56
56
57
58
58
57
58
57
58
57
57
57
50
43
42
43
43
44
43
43
43
42
43
44
43
44
43
43
43
44
43
43
43
43
43
43
43
43
42
43
42
42
42
42
42
43
42
43
42
42
42
42
42
42
42
42
42
43
41
42
40
39
40
40
39
41
40
40
40
40
44
44
44
44
44
44
44
43
44
44
44
45
44
45
44
45
45
45
46
45
46
44
45
45
46
46
45
44
45
46
44
45
45
46
45
45
45
45
46
45
44
45
45
45
46
44
46
45
46
44
46
45
46
45
46
45
45
46
44
45
45
45
45
46
44
45
46
45
45
45
46
45
46
45
45
44
46
44
45
45
45
44
45
46
45
45
44
45
45
46
44
46
46
45
44
45
45
44
45
47
46
44
45
44
45
46
45
46
44
45
46
46
46
45
44
44
44
45
44
45
44
44
45
46
41
46
47
46
44
46
45
45
45
46
45
44
44
45
45
45
45
45
45
45
45
45
45
45
45
44
46
45
45
45
45
45
45
43
45
45
44
46
45
46
45
46
44
45
44
45
45
45
46
45
45
45
46
46
45
45
45
45
45
44
45
45
45
45
44
46
44
45
44
46
45
45
46
45
47
54
58
59
62
62
62
58
55
50
49
47
46
46
46
46
45
46
45
45
45
45
45
44
44
44
44
44
44
44
43
45
44
44
44
45
47
43
44
45
44
45
44
41
44
44
44
44
43
45
43
44
44
45
44
45
44
43
43
43
42
42
42
44
42
42
42
42
42
39
44
43
41
43
42
42
42
42
43
43
42
42
42
42
43
43
42
42
41
42
42
42
41
43
42
42
42
42
42
42
43
43
42
42
40
44
42
42
43
41
41
43
41
42
42
42
42
42
42
43
42
42
41
40
43
42
42
43
42
42
43
42
43
42
43
43
41
43
42
42
43
41
43
42
42
43
42
43
42
42
42
40
40
40
40
37
37
37
33
30
26
24
19
13
5
-46
-68
-86
-86
-86
-93
-97
-99
-103
-111
-125
-134
-144
-145
-144
-144
-144
-144
-144
-139
-132
-131
-130
-128
-127
-128
-129
-125
-123
-121
-113
-94
42
42
43
63
105
165
205
250
263
278
295
300
309
309
310
311
312
324
328
336
342
340
340
336
335
334
334
334
333
339
332
316
270
249
225
181
164
129
98
82
66
61
44
45
43
44
47
44
44
44
54
62
88
98
145
154
161
200
220
239
246
253
254
254
260
260
261
263
262
262
263
264
258
258
259
258
256
259
257
256
254
254
249
246
239
226
183
169
159
149
137
130
121
120
130
142
146
145
142
148
147
148
148
147
145
136
114
110
102
74
80
70
79
85
91
84
70
59
53
49
51
48
58
63
66
87
94
111
124
130
127
128
128
139
140
134
108
97
74
74
73
75
81
105
110
110
140
146
140
143
155
165
174
210
220
220
222
222
222
225
241
247
255
270
278
294
301
311
310
326
331
336
334
336
332
335
330
327
325
323
325
330
336
333
331
328
331
324
358
317
317
317
239
233
214
195
194
194
196
204
256
263
264
290
294
294
296
295
297
289
286
285
278
278
272
268
272
277
278
282
292
295
302
303
304
312
311
311
312
315
316
314
317
317
315
312
310
308
310
302
270
261
242
217
208
186
173
169
167
161
161
161
162
166
166
166
167
170
169
166
172
172
172
174
168
166
166
163
158
156
160
161
165
164
165
167
169
169
170
168
169
167
171
172
167
167
168
165
165
164
163
160
159
158
159
158
158
154
154
155
155
154
153
161
161
160
170
175
181
195
196
184
180
175
168
159
138
139
138
124
114
110
111
100
74
69
69
66
62
63
65
63
63
63
63
63
61
63
64
64
64
63
62
58
67
66
66
66
68
67
73
66
63
62
62
62
64
65
66
66
66
66
66
66
67
67
66
68
68
68
67
68
69
68
67
68
69
69
68
67
68
69
68
68
68
68
68
68
68
68
68
68
68
69
68
66
64
64
68
68
68
66
69
68
63
63
64
63
64
63
64
63
63
63
63
63
63
63
64
64
64
64
63
64
64
64
64
64
64
63
63
64
64
64
63
64
63
64
63
68
67
68
68
69
69
68
68
68
68
68
68
69
68
68
67
69
68
68
69
68
62
62
62
62
63
60
55
22
-41
-86
-95
-107
-125
-132
-156
-164
-167
-169
-176
-194
-200
-202
-221
-238
-260
-261
-264
-266
-266
-266
-262
-258
-257
-256
-244
-235
-226
-205
-185
-148
-134
-102
-82
-67
-52
-33
17
26
28
35
45
60
61
62
63
65
66
64
68
67
71
100
147
166
174
188
218
221
226
234
235
232
235
228
221
217
221
227
234
245
248
252
254
256
258
259
253
253
252
252
252
250
251
250
250
254
265
268
271
271
268
267
262
251
246
231
196
179
166
162
156
149
154
157
157
165
167
173
175
180
206
238
242
250
250
252
253
254
254
256
256
257
256
256
256
258
256
256
251
252
252
256
253
248
245
244
244
242
243
240
233
229
226
184
178
162
155
148
140
133
123
121
120
117
114
111
107
101
96
92
87
79
68
69
68
68
67
66
66
66
66
65
66
65
66
65
66
64
66
65
65
65
66
66
65
65
66
66
65
65
65
66
64
65
66
66
66
64
66
65
66
64
66
66
66
66
65
65
64
64
65
66
65
65
65
65
65
66
64
66
62
64
63
62
62
62
59
58
54
52
50
48
42
34
15
6
-10
-54
-55
-64
-72
-86
-84
-85
-86
-86
-86
-86
-86
-78
-86
-91
-94
-93
-94
-93
-94
-93
-93
-92
-93
-97
-98
-100
-101
-104
-113
-114
-115
-115
-115
-115
-115
-115
-115
-110
-104
-103
-100
-91
-88
-72
-60
-52
-41
-3
29
34
53
62
62
63
62
62
62
62
63
65
64
65
64
65
65
65
65
64
64
64
65
64
64
65
66
65
66
65
66
66
66
66
66
66
66
67
66
67
65
66
67
66
67
66
68
70
78
123
162
167
186
208
236
238
241
244
245
245
244
250
252
263
276
281
284
294
295
298
302
303
305
305
310
313
315
323
323
323
325
326
326
327
322
326
324
322
317
308
298
280
263
250
220
219
178
170
167
166
163
158
158
154
153
151
146
144
140
141
140
139
136
136
132
130
130
131
130
130
130
125
121
118
118
116
116
116
114
114
108
103
100
97
92
88
78
69
68
68
69
68
67
68
67
66
67
66
67
66
67
66
67
66
66
67
66
64
65
65
65
64
65
62
62
61
61
61
60
59
58
58
62
66
66
66
66
66
67
66
66
66
66
67
66
66
66
66
66
67
67
66
68
67
68
68
68
68
68
67
70
69
70
69
70
70
69
65
66
66
64
65
65
66
65
65
65
66
65
64
65
65
65
65
66
66
66
65
65
65
65
66
65
65
65
66
65
66
65
69
71
71
71
70
70
70
70
70
71
71
71
70
71
70
71
70
70
71
71
58
72
69
69
70
66
66
67
66
67
66
67
67
66
66
66
66
67
66
67
66
67
66
66
67
66
67
66
67
66
65
67
67
68
66
66
67
67
67
67
66
66
66
66
66
66
66
67
66
67
67
66
66
66
66
66
66
66
67
66
66
66
67
66
66
67
66
66
67
67
66
66
66
68
66
65
66
67
66
67
66
67
66
66
68
66
67
66
66
67
66
68
67
67
67
67
66
67
66
67
66
66
66
66
66
67
66
66
66
67
66
66
66
68
67
66
66
66
67
67
66
67
67
66
66
66
65
66
66
66
67
66
65
65
66
68
67
65
66
71
70
71
70
70
70
71
70
71
71
71
71
71
71
70
70
70
70
70
70
70
70
70
70
70
70
72
70
69
70
71
72
71
72
72
67
68
68
68
66
67
66
67
66
67
67
66
67
66
66
66
66
66
66
67
66
63
66
68
66
67
68
67
67
66
65
65
64
67
65
65
66
65
66
65
66
65
66
64
66
65
66
65
66
65
65
65
67
66
65
66
65
64
65
66
65
66
64
66
65
64
65
65
65
66
66
66
64
64
64
66
65
63
66
69
69
70
70
71
74
75
74
80
87
89
108
149
161
173
179
195
205
217
238
240
238
238
234
225
223
214
209
213
214
215
218
224
230
232
235
240
238
240
235
233
223
209
192
171
152
110
87
76
68
67
68
66
67
67
66
66
66
66
66
67
67
66
66
66
66
67
66
66
67
66
66
66
67
67
66
71
70
71
70
70
79
87
119
142
163
186
204
221
227
228
225
230
225
225
224
233
236
242
245
245
248
247
254
253
253
254
253
253
253
254
245
237
205
179
169
165
142
86
73
68
67
65
67
67
66
64
64
65
65
65
64
64
64
65
65
65
64
64
64
64
63
63
69
69
69
68
72
114
161
209
222
241
252
271
294
306
334
338
336
345
348
348
344
344
344
343
342
348
348
348
348
350
350
346
351
350
352
350
348
348
348
347
345
342
337
337
316
310
297
269
253
243
229
224
184
181
175
173
159
150
143
114
91
69
68
69
68
67
67
68
66
68
68
68
66
67
68
68
66
67
66
66
65
66
65
68
67
67
67
66
66
67
67
66
67
66
67
66
66
66
66
66
67
66
67
66
65
67
67
65
64
67
66
67
65
66
67
67
66
65
67
66
66
67
66
66
66
66
66
67
68
64
72
69
72
72
70
71
69
71
70
72
70
78
84
98
99
105
107
112
115
114
117
122
119
129
142
150
150
153
165
160
158
158
152
135
120
110
103
98
104
112
125
146
153
152
158
164
157
162
156
151
127
113
84
75
68
68
68
68
68
68
68
67
68
69
69
68
66
67
67
66
65
66
66
66
66
66
66
66
66
67
66
67
66
66
66
66
66
67
66
67
66
66
70
71
70
69
71
70
69
70
70
71
70
70
70
70
71
71
71
66
67
66
66
66
66
67
70
70
70
65
63
64
62
61
56
56
53
65
66
69
68
69
69
68
69
67
68
67
68
67
69
69
68
68
69
68
69
68
67
67
70
69
70
67
69
70
69
71
70
70
70
69
70
64
61
60
56
48
41
32
31
-7
-16
-16
-34
-47
-70
-86
-109
-117
-124
-135
-135
-139
-143
-146
-146
-146
-150
-153
-158
-157
-158
-157
-152
-150
-150
-145
-131
-124
-119
-106
-93
-54
-47
-34
6
25
30
35
44
48
52
59
59
57
59
59
61
61
60
61
60
60
60
61
61
61
61
62
62
61
61
61
62
63
65
76
121
147
172
187
199
224
236
245
247
251
267
271
280
285
289
291
297
300
299
300
301
301
301
302
303
303
304
307
310
318
322
322
324
323
326
325
325
325
325
325
325
325
329
332
338
339
340
340
340
340
340
340
340
340
340
340
341
341
341
343
342
343
342
342
343
344
343
344
344
346
347
349
349
350
355
355
355
355
356
355
355
355
352
351
352
351
350
349
346
342
343
327
314
290
254
239
207
197
184
172
169
162
151
145
133
122
115
112
101
91
90
88
87
87
84
84
81
76
74
75
75
73
70
70
69
69
69
69
69
69
69
70
74
73
75
75
75
74
74
74
74
75
74
74
74
75
74
74
74
70
69
70
69
70
69
69
69
69
70
69
69
69
70
70
69
67
69
69
68
68
68
67
66
68
66
68
67
66
66
66
66
66
66
66
66
66
67
67
67
66
67
67
67
66
66
66
66
66
66
66
66
66
66
66
66
70
70
73
75
74
76
75
76
70
69
69
70
69
69
70
69
68
68
69
70
68
67
68
67
67
67
66
64
64
63
63
64
63
63
66
69
70
72
83
122
152
172
205
218
246
258
264
271
273
278
278
280
286
292
297
298
297
298
297
296
292
292
291
290
290
291
290
290
290
290
290
291
290
290
289
287
283
272
260
239
227
196
180
173
167
152
120
116
92
68
65
67
68
67
68
67
68
68
68
68
67
67
67
68
65
65
67
66
66
66
66
66
66
66
64
63
64
63
63
64
63
62
62
60
66
67
67
67
68
67
68
67
68
67
68
67
68
62
63
63
62
62
61
61
57
54
46
46
40
40
39
46
45
50
52
52
51
51
51
52
54
61
63
63
62
63
62
62
65
63
64
64
63
65
64
65
65
62
64
63
64
63
65
69
70
68
69
70
70
66
66
67
66
65
64
64
65
64
64
64
65
64
64
64
64
64
64
64
65
65
64
65
64
64
65
64
64
64
64
65
64
64
63
64
69
70
74
111
141
160
182
194
213
225
240
255
258
265
271
278
280
281
284
286
288
286
288
288
291
295
296
300
313
321
327
336
340
341
339
336
334
334
330
328
299
273
250
214
198
166
149
138
110
107
86
82
81
75
74
71
69
73
69
67
70
72
69
68
70
68
68
70
68
68
68
67
68
67
67
65
66
67
66
65
60
66
68
65
65
67
66
67
66
66
65
65
65
66
64
66
65
65
66
65
65
66
65
66
67
64
66
66
66
65
66
65
65
58
66
65
65
65
64
67
65
65
67
66
66
65
66
65
66
64
65
67
63
66
65
67
65
65
65
66
66
66
64
65
63
66
65
66
66
66
65
65
64
66
66
65
65
65
65
65
66
65
66
65
64
65
66
65
65
65
65
65
65
66
66
66
65
65
65
66
65
66
65
66
65
64
65
65
66
64
64
64
64
65
64
64
64
62
64
64
64
65
64
66
64
68
68
68
69
64
64
62
63
61
61
60
62
61
62
60
59
48
40
36
35
35
36
35
34
35
36
36
35
36
36
44
45
45
46
45
41
38
36
25
17
0
-9
-36
-74
-86
-107
-110
-114
-124
-130
-132
-133
-136
-141
-140
-141
-142
-142
-146
-150
-161
-169
-206
-214
-220
-222
-224
-225
-226
-226
-225
-226
-225
-220
-218
-214
-214
-210
-200
-197
-196
-197
-192
-196
-195
-196
-197
-196
-196
-196
-196
-195
-195
-195
-194
-200
-201
-203
-203
-204
-199
-200
-196
-190
-178
-173
-170
-165
-162
-160
-159
-155
-146
-145
-143
-143
-144
-142
-144
-141
-142
-142
-143
-142
-143
-142
-142
-139
-141
-142
-143
-143
-142
-143
-157
-163
-170
-195
-200
-204
-206
-216
-218
-219
-223
-223
-225
-222
-222
-222
-221
-223
-221
-224
-223
-222
-222
-218
-216
-206
-205
-200
-189
-186
-170
-163
-111
-97
-84
-8
41
64
63
65
67
68
68
67
70
69
69
69
71
69
70
72
70
69
70
70
69
66
69
69
69
70
70
70
69
69
69
70
69
70
69
69
69
69
69
69
70
65
70
69
70
69
66
65
66
65
65
65
65
65
65
66
65
66
65
66
65
66
65
66
66
66
65
65
65
65
65
65
66
65
66
65
66
65
66
65
65
65
65
65
65
65
65
66
64
66
65
66
65
66
65
66
66
65
66
65
66
65
66
65
65
64
65
66
66
66
65
66
65
66
65
66
65
66
65
65
65
65
65
65
66
65
65
64
65
64
64
64
64
64
64
65
64
64
65
64
64
64
64
64
64
64
64
64
64
64
65
64
64
65
64
64
64
64
64
65
64
65
64
65
64
65
64
65
65
65
65
64
65
64
65
64
65
64
65
64
64
65
65
63
65
65
64
64
64
65
64
64
64
65
64
64
64
64
64
64
64
65
64
64
64
64
64
64
64
63
64
64
64
64
64
65
64
64
64
64
64
64
65
64
64
64
64
64
64
64
64
64
64
64
65
64
65
65
65
65
64
65
64
65
64
65
64
65
64
64
65
65
65
64
65
64
64
64
64
64
64
64
68
68
68
68
69
69
68
68
64
64
64
64
63
63
63
64
63
64
64
64
64
63
63
63
63
62
63
63
64
63
63
64
63
62
63
63
63
64
63
64
64
64
63
64
63
63
63
63
63
63
63
63
64
63
64
63
64
63
64
63
64
63
63
63
63
63
63
64
63
64
64
64
63
64
64
64
63
62
64
64
63
64
63
64
63
63
63
63
63
63
63
64
63
64
63
63
63
64
63
63
63
63
63
63
64
67
68
67
68
67
68
67
68
67
67
68
67
67
67
64
63
64
63
64
63
64
63
64
63
64
63
62
63
62
63
64
63
63
63
63
64
64
63
64
63
64
63
64
64
64
63
63
63
63
63
67
68
67
80
168
174
207
250
267
296
315
334
343
348
360
367
372
381
385
393
394
393
394
393
394
393
393
393
389
389
388
384
377
362
333
292
212
171
143
73
68
67
65
65
61
58
50
33
-17
-98
-118
-154
-182
-213
-244
-264
-282
-287
-291
-297
-301
-312
-314
-318
-324
-327
-329
-332
-333
-335
-340
-341
-342
-349
-352
-354
-353
-353
-356
-354
-354
-354
-354
-344
-346
-346
-346
-346
-347
-347
-352
-347
-347
-347
-346
-346
-337
-330
-303
-281
-259
-237
-232
-224
-222
-230
-233
-232
-237
-238
-237
-238
-239
-242
-243
-244
-243
-246
-245
-246
-246
-238
-232
-226
-218
-157
-129
-100
-29
-7
15
18
24
40
46
54
58
59
61
62
60
61
61
62
62
62
63
62
63
62
63
63
64
63
63
63
63
63
64
64
64
63
63
64
63
64
63
64
63
63
63
63
63
63
64
63
64
63
64
63
64
63
64
63
63
63
65
63
62
63
63
64
62
64
62
64
63
64
64
64
64
63
63
64
63
63
64
64
64
64
63
64
65
63
63
64
62
63
63
64
63
63
63
63
64
64
64
63
64
63
64
63
64
63
64
63
64
63
63
63
63
63
63
64
63
64
62
64
63
64
64
64
63
65
64
64
68
69
68
68
68
69
68
68
68
68
68
68
68
68
70
69
68
69
68
68
70
68
69
68
69
68
69
68
69
68
75
79
114
145
166
189
218
248
259
269
291
300
318
326
335
350
353
362
366
373
379
380
381
381
382
376
377
374
375
374
374
379
378
378
381
381
381
383
382
383
382
383
382
383
378
379
379
378
377
377
375
373
363
349
305
277
258
214
191
126
90
84
74
67
67
68
67
68
66
68
67
68
67
67
67
67
66
65
66
65
66
65
66
65
66
65
66
65
65
65
65
65
65
66
66
65
65
65
66
65
65
66
66
64
66
65
65
65
65
65
65
65
65
65
65
66
65
66
65
66
65
66
65
66
65
65
65
65
65
65
66
65
66
69
70
69
70
69
70
69
69
69
69
69
70
66
64
64
65
64
64
63
64
62
62
62
63
62
62
62
63
63
62
63
62
62
62
63
62
63
62
63
63
62
61
62
60
60
58
59
57
52
49
39
37
33
31
27
26
25
25
24
24
15
10
-13
-31
-51
-60
-66
-68
-73
-84
-88
-93
-107
-112
-121
-124
-130
-142
-147
-156
-157
-157
-164
-167
-169
-172
-172
-185
-190
-196
-195
-196
-203
-207
-207
-207
-202
-209
-210
-211
-210
-214
-216
-220
-235
-235
-240
-239
-239
-239
-239
-229
-227
-226
-225
-221
-197
-188
-178
-164
-152
-136
-135
-135
-132
-132
-131
-131
-132
-132
-132
-130
-132
-131
-132
-131
-132
-131
-130
-131
-131
-131
-130
-130
-128
-130
-126
-127
-125
-126
-126
-126
-126
-126
-126
-126
-126
-124
-124
-123
-123
-121
-119
-119
-118
-114
-109
-108
-101
-100
-98
-98
-97
-96
-95
-94
-95
-95
-95
-95
-95
-94
-96
-94
-95
-95
-95
-95
-95
-95
-95
-95
-95
-94
-94
-94
-94
-94
-94
-94
-94
-94
-94
-94
-94
-94
-94
-94
-94
-94
-94
-94
-94
-93
-94
-94
-94
-94
-94
-94
-94
-94
-94
-94
-94
-94
-94
-94
-91
-86
25
63
70
79
113
168
176
218
237
251
271
277
288
290
291
294
294
295
294
294
290
289
290
290
290
290
290
288
289
289
294
294
294
294
294
297
298
298
299
298
294
285
249
214
158
95
66
66
65
62
63
63
63
62
63
63
66
69
69
72
74
79
81
82
82
83
83
88
88
106
105
105
106
106
106
102
102
106
106
125
164
182
217
236
262
271
288
295
300
312
315
319
321
324
329
330
337
340
343
347
349
356
360
361
361
361
363
363
362
363
362
359
358
359
358
358
358
359
359
359
359
356
353
349
322
304
262
241
205
195
178
165
162
151
146
141
138
130
121
117
115
112
108
90
88
87
77
70
67
67
67
66
67
66
66
64
65
64
66
65
65
65
65
65
65
66
65
66
65
66
65
64
63
63
61
62
61
62
61
61
61
65
66
65
65
66
66
66
66
66
66
67
67
67
67
67
67
66
67
66
67
66
67
66
67
66
67
67
67
67
67
67
67
67
66
66
66
66
66
67
66
67
66
66
67
66
66
66
66
67
67
66
67
67
63
65
62
62
62
63
62
63
62
62
63
62
63
62
63
61
61
61
61
59
56
53
49
38
30
-22
-59
-76
-88
-105
-119
-121
-123
-127
-134
-129
-132
-132
-149
-163
-204
-215
-221
-234
-244
-258
-261
-256
-257
-257
-270
-281
-284
-287
-289
-294
-298
-298
-308
-316
-326
-331
-337
-336
-337
-333
-331
-332
-331
-329
-317
-306
-271
-268
-267
-253
-241
-239
-237
-239
-237
-237
-237
-237
-237
-236
-238
-227
-226
-225
-225
-224
-225
-224
-223
-224
-224
-224
-224
-225
-225
-224
-220
-221
-221
-220
-221
-220
-219
-221
-220
-219
-218
-217
-216
-215
-214
-214
-217
-212
-213
-214
-213
-214
-211
-214
-213
-214
-218
-220
-217
-220
-220
-222
-221
-222
-222
-221
-217
-211
-210
-202
-188
-170
-162
-157
-139
-127
-119
-112
-104
-91
-91
-92
-88
-88
-89
-90
-89
-89
-89
-96
-99
-107
-117
-126
-132
-134
-141
-152
-151
-159
-164
-168
-169
-169
-167
-168
-168
-168
-168
-169
-174
-169
-169
-169
-157
-150
-142
-141
-140
-116
-98
-88
-93
-62
39
53
59
52
60
61
61
60
62
60
60
60
61
61
62
61
62
60
62
61
62
61
62
62
62
61
62
61
60
61
62
64
61
68
67
68
68
64
63
64
63
63
63
63
63
66
68
66
67
67
67
67
67
68
68
67
67
67
68
68
68
67
67
67
67
67
68
67
68
69
68
68
68
67
68
67
68
70
67
66
67
68
67
66
67
68
68
68
67
68
66
68
69
69
73
76
80
80
81
82
81
86
82
90
115
118
149
158
158
176
192
200
200
198
196
179
168
166
148
142
138
114
104
84
84
84
84
84
82
76
70
67
67
68
73
72
74
68
67
64
67
69
69
68
68
68
68
69
69
69
69
69
70
78
82
83
96
107
109
112
118
122
125
139
141
142
143
143
144
144
144
145
146
146
145
148
147
149
152
157
159
159
163
164
166
167
170
167
167
168
168
167
166
168
167
162
157
158
137
137
136
144
136
138
136
135
134
118
109
88
73
74
78
73
74
68
67
67
68
56
68
66
67
68
67
69
67
67
66
67
66
67
66
66
67
66
67
66
67
66
66
66
65
66
66
66
65
65
66
66
65
64
66
62
63
62
66
66
67
66
67
67
66
68
67
66
66
68
61
62
62
60
62
62
61
64
61
63
60
68
66
69
68
68
70
70
69
69
69
69
69
69
71
70
68
70
70
69
69
70
69
70
69
72
69
70
69
69
70
68
70
65
66
65
66
65
65
65
64
65
65
65
64
66
66
65
69
69
70
68
70
70
69
70
70
70
70
69
66
66
65
69
66
65
64
65
64
65
64
65
65
65
64
65
65
64
65
64
65
64
65
64
65
57
51
43
30
4
-80
-100
-116
-123
-126
-131
-132
-161
-175
-192
-206
-211
-218
-218
-219
-232
-248
-261
-268
-274
-278
-277
-278
-272
-267
-244
-227
-176
-161
-139
-117
-109
-98
-89
-78
-68
-65
-54
-51
-50
-38
-33
-17
-11
-3
-3
0
16
28
39
40
41
44
44
46
45
45
50
53
57
58
59
59
61
61
61
62
56
56
45
35
29
26
3
-53
-64
-70
-70
-70
-86
-97
-100
-106
-108
-106
-107
-107
-107
-108
-100
-100
-105
-106
-105
-108
-108
-108
-108
-108
-108
-103
-102
-102
-102
-99
-97
-95
-93
-84
-50
-38
-37
-38
-24
-10
-10
-7
2
29
54
59
59
60
61
61
61
66
70
83
109
154
167
179
217
235
239
252
261
274
281
283
282
283
282
278
277
278
277
276
274
272
253
243
209
200
196
184
180
175
170
168
165
158
138
136
133
119
113
106
102
70
66
66
66
65
65
65
65
66
65
65
69
68
69
70
73
79
82
88
88
92
92
92
91
92
102
105
106
111
119
138
151
166
193
204
221
224
226
226
227
222
223
212
207
201
184
170
122
82
64
61
62
61
62
62
62
61
62
60
61
60
61
60
61
61
59
46
-61
-84
-89
-108
-115
-116
-120
-134
-143
-148
-153
-153
-154
-191
-211
-223
-225
-225
-226
-225
-217
-202
-170
-168
-159
-97
1
51
51
56
62
61
62
62
58
49
38
17
5
-3
-3
10
24
30
32
43
48
50
50
51
51
44
44
44
44
44
44
51
52
58
59
60
61
62
60
61
61
56
54
39
28
23
3
-2
-8
-10
-11
-19
-19
-19
-19
-19
-12
-10
-8
-3
1
1
8
24
24
24
25
27
27
26
29
32
33
32
33
35
34
36
34
35
34
35
35
35
35
36
35
35
35
35
35
36
38
38
39
42
45
50
59
60
62
63
62
63
63
63
62
68
67
68
67
68
68
68
67
68
68
68
68
68
68
67
69
69
69
69
69
70
69
68
69
69
65
65
65
65
66
64
65
65
65
65
65
64
65
64
65
