11
13
14
13
62
61
61
62
61
62
62
62
62
62
62
62
62
62
62
62
62
62
62
62
62
62
62
62
62
62
62
63
61
62
62
62
62
62
62
62
62
62
62
62
62
62
62
62
62
62
62
62
62
62
62
62
62
62
62
62
62
62
62
62
62
62
62
62
62
62
62
62
62
62
62
62
62
62
62
62
62
62
62
62
62
62
62
61
62
62
62
62
62
62
62
62
62
62
62
62
62
62
62
62
62
62
62
62
62
62
62
62
62
62
62
61
62
62
62
62
62
62
62
62
62
62
62
62
62
62
62
62
62
62
62
62
62
62
62
62
62
62
62
62
62
62
62
62
63
62
62
62
62
62
62
62
62
62
62
62
62
62
62
62
62
62
62
62
62
62
62
62
62
62
62
62
62
62
62
62
62
62
62
62
62
61
62
62
62
62
62
62
62
62
62
62
62
62
62
62
62
62
62
62
62
62
62
62
62
62
62
62
62
62
62
62
62
62
62
62
61
62
62
62
62
62
62
62
62
62
62
62
62
62
62
62
62
62
62
62
62
62
62
62
62
62
62
62
62
62
62
62
62
62
62
62
62
62
62
62
62
62
62
62
62
62
62
62
62
62
62
62
62
62
62
62
62
62
62
62
62
62
62
62
62
62
62
62
62
62
62
61
62
62
62
62
62
62
62
62
62
62
62
62
62
62
62
62
62
62
62
62
62
62
62
62
62
62
62
62
61
62
62
62
61
62
62
62
62
62
62
62
62
62
62
62
62
62
62
62
62
62
62
62
62
62
62
62
62
62
62
62
62
62
62
62
62
62
62
62
62
62
62
62
62
62
62
62
62
62
62
62
62
62
61
62
62
62
61
62
62
62
62
62
62
62
62
62
62
62
62
62
62
62
62
62
62
62
62
62
62
62
62
62
62
62
62
62
62
62
62
62
62
62
62
62
62
62
62
62
62
62
62
62
62
62
62
62
62
62
62
61
62
62
62
62
62
62
62
62
62
62
62
62
62
62
62
62
62
62
61
62
61
62
61
61
61
62
62
62
62
62
62
62
62
62
62
62
62
62
61
62
62
61
62
62
61
62
62
62
62
62
62
62
61
62
62
62
62
62
62
61
62
62
61
61
61
62
62
62
62
62
62
62
62
62
62
62
62
61
62
61
61
61
61
61
61
61
61
62
62
62
61
62
62
62
62
62
62
62
62
62
62
62
62
62
62
62
62
62
61
62
61
62
62
62
61
62
61
61
61
61
61
61
62
61
62
61
62
62
62
62
62
62
62
62
62
62
62
62
61
61
61
61
61
61
62
61
62
62
62
62
62
62
62
62
62
62
62
62
62
62
62
62
62
62
62
62
62
62
62
62
62
62
62
62
62
62
62
62
62
62
62
61
61
62
61
61
62
61
62
59
56
40
-108
-206
-425
-482
-514
-517
-498
-438
-383
-274
29
60
116
211
246
281
275
212
161
73
64
63
63
63
60
60
59
59
59
60
52
19
-87
-121
-145
-146
-140
-83
-55
-4
29
44
59
59
60
60
54
55
54
19
-47
-66
-51
14
62
69
70
69
70
65
66
65
66
65
65
64
86
199
246
268
280
307
310
328
330
321
252
213
146
66
65
65
65
64
63
61
59
57
51
49
49
48
48
61
61
62
61
61
61
66
66
62
59
59
60
60
60
60
60
60
60
61
60
61
60
60
60
60
69
70
69
70
69
70
69
69
58
45
-59
-97
-129
-224
-257
-292
-304
-308
-300
-295
-283
-277
-262
-239
-234
-234
-229
-224
-222
-221
-206
-194
-192
-191
-191
-185
-183
-179
-176
-171
-171
-171
-171
-170
-171
-171
-171
-166
-166
-166
-166
-166
-166
-167
-167
-164
-165
-164
-165
-164
-165
-164
-193
-220
-232
-240
-239
-240
-239
-240
-239
-239
-242
-246
-250
-261
-270
-273
-274
-284
-286
-288
-287
-288
-296
-298
-297
-292
-292
-292
-292
-291
-292
-291
-288
-281
-273
-232
-215
-167
-147
-138
-127
-125
-121
-116
-113
-109
-101
20
38
60
62
63
63
64
64
64
64
64
64
64
64
64
60
60
59
59
58
45
28
17
-10
-64
-81
-81
-82
-82
-82
-84
-83
-86
-97
-102
-103
-111
-115
-115
-110
-115
-123
-123
-124
-123
-123
-115
-112
-112
-107
-102
-96
-82
-78
-45
-18
19
51
59
61
63
61
63
62
65
66
70
102
122
173
186
200
218
217
214
213
216
220
233
246
248
256
268
277
283
286
306
311
314
322
323
324
324
324
324
324
317
314
313
309
308
305
300
291
286
283
273
269
263
253
248
244
238
235
232
229
223
214
205
195
192
190
181
175
157
146
115
100
74
66
65
65
65
64
64
64
64
64
64
64
64
64
64
64
64
62
62
62
62
62
61
60
60
60
60
60
60
60
66
74
78
121
152
166
170
170
170
170
172
183
202
199
205
230
220
197
205
210
210
217
221
211
216
211
202
178
176
174
162
158
157
157
158
156
155
106
81
65
65
75
79
65
63
64
63
63
64
66
84
109
116
109
82
74
64
65
64
71
71
67
65
66
69
72
70
74
78
82
77
76
76
76
65
66
72
71
72
72
72
72
63
63
63
63
62
62
62
62
62
62
62
63
60
62
60
62
61
61
62
61
65
64
65
66
67
66
67
79
101
100
103
121
150
149
151
157
158
152
152
156
164
166
173
188
240
242
247
250
251
234
230
228
216
203
182
163
103
100
91
70
65
66
66
66
66
66
66
66
66
64
64
64
64
63
64
64
68
68
69
69
71
66
65
65
76
82
110
112
149
163
163
170
172
171
166
170
167
163
153
151
152
162
162
155
159
160
152
150
141
130
121
114
111
108
108
105
95
78
63
63
63
64
63
67
67
68
68
65
64
64
64
64
64
64
64
64
64
63
64
64
64
62
62
61
66
68
72
76
65
66
71
73
78
81
96
110
114
113
146
149
154
164
169
167
166
164
164
165
166
160
157
151
151
137
130
129
130
123
163
172
177
199
229
229
219
222
223
202
180
175
164
162
169
172
170
166
162
158
158
158
144
142
141
129
120
109
110
109
104
103
106
100
94
103
106
99
97
97
97
98
96
95
86
86
82
82
81
80
78
78
78
78
66
66
76
80
80
70
66
66
66
66
66
70
71
71
73
74
76
78
78
80
81
81
83
98
102
105
110
122
148
155
149
149
141
147
144
143
142
136
131
146
149
151
145
144
171
173
194
234
242
250
251
252
250
258
266
288
304
320
327
349
355
362
372
379
391
391
375
347
342
330
308
290
269
260
235
216
212
217
216
207
196
176
174
174
160
158
154
154
150
143
149
155
155
154
164
164
177
198
213
206
216
212
207
207
208
202
190
188
187
182
174
166
155
125
140
144
156
164
168
168
164
160
160
160
160
157
150
149
142
135
117
111
106
98
96
94
92
107
140
142
110
101
110
156
171
169
173
174
174
169
171
174
174
174
177
181
180
181
180
175
164
151
136
144
154
161
142
104
80
78
78
77
76
98
101
102
104
108
107
102
101
97
95
97
95
90
82
79
66
66
66
68
70
78
78
79
80
82
82
83
84
84
85
84
81
78
77
75
71
71
67
64
63
62
63
64
67
67
66
67
67
68
67
67
68
67
68
67
63
62
63
63
64
62
69
70
75
80
84
90
90
91
102
113
155
152
146
145
143
128
118
108
105
102
82
80
79
74
76
73
73
73
74
74
73
73
80
81
81
98
108
112
132
132
112
108
105
105
106
106
104
103
104
102
103
108
106
105
106
103
101
102
104
105
108
113
117
122
132
138
133
127
125
124
140
145
139
140
138
149
149
150
147
146
145
145
138
131
129
159
160
166
171
174
203
220
218
216
213
205
202
199
198
203
205
202
196
194
192
192
200
202
201
196
205
204
204
204
181
173
167
130
102
87
82
79
78
77
78
78
77
78
77
79
77
78
82
85
95
95
95
98
102
117
139
140
148
150
156
162
168
171
172
174
177
177
177
177
173
170
170
169
168
173
175
176
178
178
179
180
184
182
179
174
166
160
150
136
82
80
78
74
66
66
72
72
78
85
93
100
103
105
106
111
116
146
148
149
149
149
149
150
150
155
168
171
175
195
197
198
201
206
207
214
224
225
221
226
226
228
228
228
232
235
240
240
236
236
236
235
235
244
248
240
240
240
237
234
234
234
234
233
232
227
233
238
240
245
248
250
252
251
252
253
248
248
248
247
252
258
258
258
258
258
251
245
241
240
240
251
254
254
258
260
259
262
262
258
257
257
256
253
246
243
240
241
240
241
240
238
238
238
237
238
238
236
237
234
233
232
222
215
212
203
173
164
148
146
144
144
128
66
62
61
64
60
45
40
30
23
0
-24
-24
-22
-23
-17
-18
-17
-17
-17
-37
-44
-44
-49
-52
-51
-54
-54
-55
-54
-54
-55
-54
-55
-50
-48
-49
-48
-48
-46
-47
-46
-48
-47
-52
-55
-55
-54
-55
-54
-55
-54
-54
-54
-54
-56
-57
-57
-56
-56
-56
-56
-54
-53
-52
-49
-48
-48
-50
-47
-48
-47
-48
-47
-47
-46
-47
-51
-59
-62
-60
-61
-18
5
24
51
64
64
67
65
67
66
74
78
80
112
146
172
191
226
238
232
247
245
242
241
241
252
257
262
273
278
296
298
312
318
318
318
320
320
321
319
321
316
312
310
311
308
312
316
316
311
308
309
310
310
306
304
301
293
291
289
284
283
272
270
265
239
220
152
80
64
56
61
37
24
7
-54
-92
-107
-115
-118
-118
-120
-120
-118
-130
-130
-130
-132
-134
-138
-139
-139
-138
-139
-138
-139
-139
-140
-140
-139
-139
-134
-122
-123
-124
-114
-104
-89
-87
-85
-80
-69
-17
8
29
30
35
50
51
51
51
51
51
53
52
52
51
50
50
45
44
45
44
46
51
50
51
53
56
51
51
49
46
32
-30
-43
-88
-104
-117
-138
-150
-172
-208
-236
-274
-284
-297
-302
-303
-302
-304
-304
-302
-302
-298
-297
-298
-298
-294
-284
-277
-261
-250
-215
-180
-160
-137
-130
-110
-85
-54
-33
-25
-1
23
31
46
54
59
61
62
61
62
62
62
62
62
63
63
64
65
66
72
103
155
168
220
250
272
284
296
304
309
321
323
324
323
323
324
324
314
312
318
323
326
332
335
336
331
331
325
325
328
313
301
268
244
218
166
160
143
128
115
133
146
169
185
206
224
238
250
251
254
258
265
267
266
269
272
278
279
280
282
281
277
280
280
276
274
274
283
288
290
285
284
284
284
283
283
281
286
279
268
266
259
244
237
229
223
216
203
205
201
192
173
166
148
84
65
64
65
65
63
65
64
65
65
64
58
65
64
65
65
63
63
64
72
69
68
68
67
69
71
69
68
68
69
70
70
70
71
69
73
74
76
77
76
78
77
79
81
98
120
151
160
164
159
160
158
151
149
125
109
94
65
66
66
65
65
65
65
66
61
61
61
61
65
64
65
65
65
66
66
66
66
67
68
68
68
67
69
68
66
69
69
68
69
68
69
69
69
68
69
72
78
82
101
105
109
112
118
148
153
166
168
174
206
223
233
241
249
250
249
251
251
256
263
266
269
273
278
278
280
287
292
298
303
306
309
311
310
306
306
302
298
300
299
298
296
294
291
290
296
300
303
307
308
309
306
305
300
295
291
266
248
218
206
195
167
164
162
159
152
146
142
139
127
118
118
117
121
123
123
119
120
120
119
119
118
119
119
123
123
123
122
124
123
123
124
123
124
119
116
115
116
120
120
122
123
128
138
139
138
140
139
136
134
135
138
152
165
164
166
166
166
165
166
166
160
153
148
147
147
148
146
145
145
152
159
165
167
170
181
197
208
215
221
218
214
213
218
221
220
221
232
234
228
227
226
225
227
222
220
221
208
203
182
173
168
164
163
162
167
170
175
179
187
190
197
202
201
201
201
198
198
198
195
196
195
194
193
194
198
198
198
197
197
198
194
190
180
165
162
85
62
63
61
61
60
59
54
46
38
29
4
-14
-31
-44
-48
-50
-52
-76
-81
-94
-98
-103
-104
-106
-106
-106
-108
-107
-107
-107
-106
-102
-102
-97
-87
-76
28
47
55
64
65
67
69
76
82
95
108
114
146
164
166
173
176
179
192
194
196
193
190
193
191
189
191
189
192
195
201
202
209
213
221
220
221
228
230
228
230
229
233
237
238
241
243
252
251
254
255
260
261
262
261
262
262
263
262
262
262
258
258
257
258
258
258
265
265
265
264
265
260
260
260
258
258
258
257
256
250
239
233
232
231
233
230
231
223
183
162
127
78
67
64
63
62
60
53
28
-3
-53
-92
-96
-99
-102
-105
-104
-104
-103
-104
-103
-103
-103
-98
-99
-98
-97
-96
-94
-95
-94
-94
-94
-94
-94
-91
-92
-93
-98
-98
-98
-96
-96
-85
-75
-50
-21
24
44
51
63
63
63
65
66
66
68
68
77
80
108
122
153
167
171
174
177
178
181
196
207
212
225
219
220
219
220
223
218
215
214
212
219
218
218
213
211
209
206
205
204
214
224
227
233
240
240
245
245
246
239
236
235
235
234
245
247
242
242
242
241
242
241
243
244
238
237
238
237
238
235
234
239
228
203
194
181
168
168
158
148
145
144
143
142
142
142
142
142
142
143
142
141
141
120
108
81
63
62
53
44
36
11
-3
-40
-49
-48
-70
-83
-113
-120
-129
-130
-133
-136
-135
-130
-126
-124
-112
-99
-80
-57
-25
15
26
40
49
53
62
62
64
62
64
66
66
72
74
76
80
78
80
78
81
80
80
79
80
80
80
80
80
80
82
85
100
103
108
120
135
149
167
169
171
170
173
176
176
176
176
175
177
170
170
170
170
174
168
162
158
152
124
116
107
106
103
102
101
102
100
100
100
100
100
100
99
100
99
91
85
85
85
89
91
90
101
102
105
112
114
118
128
143
155
156
166
170
173
176
175
177
177
178
190
200
201
200
201
197
196
194
195
200
200
196
195
195
195
195
194
195
194
188
181
178
174
171
168
165
164
160
159
158
158
157
161
163
170
173
174
173
174
175
174
170
167
166
166
166
172
176
180
184
188
188
182
182
178
178
184
184
185
202
202
208
220
227
238
247
252
255
264
269
268
270
270
270
262
257
254
249
242
234
227
226
227
227
225
226
226
231
227
224
222
220
220
220
218
218
218
223
224
225
218
218
217
210
197
181
127
83
62
60
59
59
54
33
26
16
-33
-54
-78
-82
-88
-107
-114
-119
-125
-129
-128
-129
-129
-128
-128
-128
-128
-131
-133
-133
-134
-132
-133
-128
-112
-105
-92
-67
-33
46
62
61
65
65
66
68
71
84
90
108
115
122
152
156
166
166
168
172
176
176
174
174
178
177
170
168
168
165
163
161
158
157
156
166
167
166
165
162
162
162
159
164
164
164
164
164
158
155
153
150
149
157
158
162
165
165
164
165
160
160
158
162
157
155
152
150
151
149
149
149
153
154
155
156
156
160
164
166
174
179
186
216
221
221
221
220
216
214
222
221
222
214
212
208
208
207
200
199
193
191
189
189
188
183
183
182
182
182
183
182
183
182
181
181
182
181
187
190
194
197
200
199
199
194
192
192
192
192
196
197
196
197
197
192
192
191
190
190
187
187
187
187
186
185
185
183
184
183
182
182
181
182
181
180
179
178
176
174
173
173
171
170
170
168
163
154
154
148
146
134
117
116
111
107
101
96
96
96
92
89
88
88
87
88
87
88
86
83
82
82
81
81
82
81
80
91
94
95
94
96
102
106
112
113
116
124
126
134
139
142
142
143
144
144
145
141
137
131
129
129
129
129
129
130
129
130
124
109
102
86
81
72
72
70
69
68
68
82
96
106
110
114
134
145
141
149
150
150
152
152
146
145
142
143
147
147
146
147
140
127
117
100
97
99
94
93
92
90
90
91
94
97
97
100
100
96
93
94
94
99
100
100
100
100
101
100
102
102
102
102
102
103
97
97
97
97
103
105
107
108
108
110
111
109
110
110
110
110
111
110
110
110
112
112
112
112
112
112
112
112
113
113
112
113
111
112
113
112
114
114
115
118
120
120
124
133
136
135
140
144
148
148
148
144
142
143
149
152
153
148
147
147
146
150
146
144
145
142
140
134
128
126
122
120
119
120
120
118
127
127
151
155
155
150
150
118
103
101
97
96
86
84
78
78
78
72
65
65
66
64
64
63
63
63
62
62
62
62
66
70
70
70
70
69
71
71
69
70
70
70
70
62
62
62
62
62
62
62
62
62
62
62
62
62
66
66
66
66
65
66
66
66
65
66
66
66
62
62
62
62
62
61
69
67
67
67
62
62
62
62
62
63
62
62
62
66
69
68
68
80
110
164
168
174
184
194
203
214
221
216
214
208
208
216
210
207
205
201
200
205
206
201
204
208
215
217
213
206
204
202
202
202
202
202
210
210
200
190
180
171
166
149
148
142
142
142
143
147
154
163
168
179
193
209
210
215
219
218
216
216
215
216
223
223
229
234
240
240
240
246
246
249
248
251
250
250
251
254
254
255
255
254
254
251
250
250
249
253
254
255
256
253
257
244
243
241
238
239
231
218
187
169
162
121
90
67
66
67
64
65
64
64
64
64
62
63
61
62
61
61
59
55
54
54
52
50
45
41
40
37
29
28
24
20
12
2
1
-5
-6
-8
-9
-8
-9
-9
-11
-11
-15
-21
-30
-49
-73
-74
-80
-83
-84
-84
-84
-85
-85
-86
-86
-85
-86
-85
-85
-84
-86
-84
-87
-92
-92
-94
-108
-115
-117
-121
-127
-124
-126
-126
-124
-124
-126
-120
-127
-126
-126
-127
-131
-128
-128
-127
-127
-128
-129
-128
-127
-128
-128
-133
-130
-130
-139
-145
-151
-151
-150
-150
-151
-142
-140
-136
-131
-128
-119
-117
-112
-108
-108
-104
-100
-96
-93
-87
-87
-86
-85
-86
-86
-82
-80
-82
-80
-81
-85
-77
-78
-79
-78
-78
-79
-78
-78
-78
-77
-65
-5
30
61
62
61
63
65
66
68
66
67
70
85
98
112
159
165
169
170
171
174
175
178
178
180
200
203
208
215
221
225
224
241
240
242
239
238
235
236
236
250
251
250
252
252
252
252
254
252
254
255
258
261
262
265
265
266
271
271
266
268
267
268
267
267
265
276
283
284
287
286
288
284
286
286
287
286
280
280
290
290
289
288
291
284
282
287
287
288
284
277
267
260
258
241
236
214
210
203
176
172
164
161
151
132
121
97
82
79
66
64
69
66
67
61
62
65
58
58
61
55
50
48
42
25
25
19
14
3
-9
-16
-44
-44
-45
-42
-44
-45
-42
-46
-48
-43
-48
-49
-54
-54
-51
-53
-55
-47
-50
-45
-29
-21
-7
-5
-7
-4
-3
-3
-2
4
4
4
17
23
29
40
46
54
60
63
64
66
68
74
85
108
149
156
169
208
208
208
217
212
206
206
205
203
210
216
210
210
209
206
208
207
207
206
207
201
208
215
225
225
226
228
236
238
239
243
242
247
246
248
249
251
255
255
255
254
256
255
255
257
252
252
242
235
236
224
218
213
212
213
211
209
210
209
213
220
224
241
243
245
239
238
241
241
241
236
236
236
232
223
223
221
222
221
215
211
213
209
210
201
201
182
169
166
163
158
156
159
152
148
144
140
130
114
113
111
106
93
91
87
84
83
82
82
83
83
83
81
79
76
74
70
68
65
68
68
67
66
67
67
67
67
66
68
67
67
67
67
68
67
68
68
67
68
68
66
67
66
68
69
68
67
67
67
67
68
68
68
66
68
66
68
67
67
67
68
66
66
67
68
68
67
67
67
66
66
65
68
67
66
66
67
66
67
67
66
67
66
66
66
66
66
67
66
65
65
64
66
67
66
66
66
66
66
66
67
65
68
66
67
66
67
67
68
67
67
66
66
66
66
67
67
67
66
67
66
68
74
64
67
70
69
68
84
71
84
94
104
120
130
150
151
149
150
148
146
152
150
151
148
143
138
132
125
134
134
140
146
139
148
143
141
135
132
132
140
138
132
131
130
131
131
135
134
133
131
130
129
129
129
128
134
132
128
128
129
128
124
125
123
120
121
122
122
120
119
121
119
120
118
120
119
124
123
124
126
128
138
140
148
151
161
164
168
174
176
175
184
181
182
180
177
176
178
177
178
178
176
181
189
197
221
221
225
233
234
234
236
229
229
229
226
232
233
233
232
233
235
238
238
238
239
241
241
243
243
247
248
247
247
248
249
249
250
245
245
240
241
246
249
249
249
243
235
229
225
227
214
199
196
189
184
179
177
178
175
175
174
172
173
173
174
173
173
171
173
176
176
176
177
176
176
176
176
176
176
158
106
66
65
65
65
63
65
65
64
65
64
65
64
65
65
64
64
64
64
64
63
64
65
64
64
64
64
64
64
64
64
64
64
65
63
65
64
63
64
63
63
63
63
64
62
63
62
63
63
64
62
63
62
63
63
64
64
62
63
63
63
63
63
64
63
63
63
64
62
64
63
63
62
64
63
63
63
63
64
62
63
63
64
62
61
60
60
59
60
58
58
57
57
56
56
62
62
62
62
62
63
64
63
64
64
64
64
64
64
64
64
64
64
65
64
63
64
64
64
65
64
64
64
64
65
65
64
64
64
65
66
66
70
76
98
113
154
175
177
191
204
219
226
226
217
222
225
225
224
223
220
219
228
231
238
244
244
250
250
250
250
251
252
250
244
244
244
243
248
254
255
256
260
265
264
266
260
260
260
260
257
254
252
248
238
237
239
240
250
252
252
254
255
256
255
256
251
251
249
256
252
255
255
255
254
255
255
255
256
255
248
240
238
237
238
234
224
221
194
185
179
178
175
171
166
149
125
124
119
118
114
110
107
104
95
88
87
87
86
83
81
70
70
69
68
68
67
66
65
64
62
62
58
40
33
25
-1
-5
-15
-16
-18
-17
-11
-9
-6
-6
-3
0
14
17
25
25
26
30
31
33
35
40
39
41
44
48
49
52
53
59
61
60
61
61
62
62
64
62
64
65
64
65
64
63
65
66
66
67
65
68
66
72
75
76
77
80
81
83
92
112
128
160
161
162
168
170
170
171
170
171
172
176
178
180
202
206
206
202
200
200
201
200
197
194
179
175
167
166
162
160
160
151
151
150
150
151
148
148
148
146
144
146
145
145
144
144
141
136
133
132
132
130
130
123
120
117
116
115
112
111
110
108
108
103
96
90
88
85
74
73
70
69
70
69
70
68
67
67
66
64
64
65
64
62
60
49
42
38
35
34
29
29
30
30
29
28
22
12
4
-1
-3
-3
-3
-3
2
1
2
3
2
4
4
4
6
7
7
14
14
13
16
15
17
20
20
20
20
20
20
23
23
25
26
29
33
36
37
42
44
54
57
60
62
64
63
64
64
66
66
66
68
76
87
100
147
159
171
175
174
176
179
181
200
212
229
232
244
248
247
248
247
248
252
252
252
257
262
263
267
270
273
286
287
287
292
294
298
300
301
308
308
308
304
305
305
303
301
301
300
301
301
307
308
309
308
310
305
304
303
302
302
294
291
284
275
267
255
249
243
241
240
239
238
232
232
222
215
214
212
210
205
198
181
169
150
139
127
124
117
112
91
87
84
84
84
84
91
94
98
98
94
98
98
101
105
126
137
140
149
148
147
148
141
138
133
132
131
131
130
130
130
130
128
128
125
123
124
124
118
118
118
118
118
119
117
113
112
124
130
134
146
152
166
167
170
174
173
174
170
170
170
168
176
176
174
176
177
175
177
176
176
179
178
180
180
180
181
182
187
189
196
198
206
208
216
222
225
219
220
217
216
217
216
214
211
212
211
215
215
215
215
215
215
215
211
210
211
211
212
215
215
215
214
214
210
209
208
207
206
205
204
205
203
202
200
199
197
198
196
194
194
193
194
191
193
191
191
193
189
178
175
164
147
104
75
68
67
68
66
65
65
62
61
60
50
40
25
17
2
-18
-36
-42
-48
-55
-66
-69
-78
-87
-91
-91
-93
-93
-94
-94
-93
-94
-93
-94
-93
-94
-93
-88
-88
-88
-88
-89
-93
-93
-92
-94
-88
-88
-89
-83
-82
-78
-65
-61
-29
-10
-6
-5
2
30
50
63
65
65
66
66
68
69
73
76
76
75
75
76
77
78
78
78
80
98
110
129
155
156
159
158
155
153
153
152
152
153
159
162
163
167
169
170
176
185
210
232
243
250
252
255
260
258
261
262
264
276
282
294
299
306
323
318
332
333
334
334
336
338
334
329
336
336
329
330
328
331
330
332
333
334
327
327
328
327
328
324
314
296
286
270
251
246
222
214
191
180
175
164
151
140
133
122
89
77
70
68
68
67
69
69
67
68
67
67
66
66
65
65
64
65
62
63
63
63
63
63
64
62
63
63
64
63
62
63
64
63
63
63
63
63
62
61
63
63
62
60
58
56
52
49
49
46
46
46
45
45
45
45
46
45
45
45
44
46
45
45
45
44
39
26
-1
-32
-43
-47
-58
-64
-70
-71
-81
-89
-98
-106
-108
-114
-118
-122
-124
-123
-123
-124
-125
-124
-124
-126
-125
-126
-126
-125
-128
-130
-136
-150
-151
-152
-152
-152
-153
-153
-152
-156
-158
-157
-158
-158
-158
-157
-158
-157
-152
-150
-151
-150
-146
-146
-145
-138
-139
-137
-133
-134
-132
-134
-132
-129
-128
-126
-128
-125
-124
-125
-124
-124
-127
-122
-118
-122
-119
-116
-108
-108
-100
-94
-92
-80
-74
-66
-66
-60
-49
-48
-33
-21
-12
-12
-12
-12
-12
64
61
66
62
65
65
66
62
67
66
71
75
77
77
78
81
85
92
112
132
159
167
169
171
176
178
183
189
201
203
208
208
208
219
224
228
223
231
231
233
231
228
228
230
234
234
235
236
238
238
239
241
246
248
250
251
252
253
253
248
248
252
244
244
245
241
240
241
238
233
216
216
215
214
214
208
210
199
198
171
168
167
161
159
133
119
106
76
72
62
67
63
66
61
64
62
67
62
63
60
56
55
56
54
56
54
55
42
36
31
23
25
21
16
20
17
18
19
18
18
23
22
23
23
21
22
17
19
11
-12
-10
-16
-16
-10
-2
-1
-4
8
13
14
14
26
26
24
29
28
30
30
31
34
33
33
34
35
34
35
34
34
34
34
34
34
34
35
34
34
34
34
29
28
29
29
30
29
30
29
28
30
30
29
28
29
29
29
29
34
35
35
36
36
36
37
39
40
41
39
40
42
46
46
45
47
50
51
52
59
61
62
63
65
69
76
80
98
103
151
161
165
171
170
165
164
163
168
163
163
161
164
170
174
176
177
178
185
195
215
228
230
232
238
240
242
241
242
242
243
243
244
245
246
245
247
250
250
248
249
248
251
252
255
259
261
263
262
264
266
264
265
266
266
265
267
270
272
274
273
274
274
270
269
269
267
263
262
258
257
254
245
242
230
220
204
182
180
159
146
136
127
116
91
88
86
86
85
77
86
84
84
86
83
85
83
85
84
84
84
85
89
83
85
88
87
106
110
114
116
120
128
128
130
132
134
133
133
133
135
132
129
133
134
134
133
133
134
133
132
138
139
140
142
144
149
152
157
163
165
172
174
176
192
197
208
213
217
221
222
227
230
234
234
238
238
238
238
239
231
238
239
238
239
238
234
233
234
235
234
233
233
233
232
231
238
237
240
244
247
245
244
245
242
240
233
231
223
211
188
165
118
71
64
61
62
61
60
59
60
55
53
50
45
28
15
-5
-43
-47
-48
-50
-50
-50
-49
-50
-50
-51
-50
-50
-51
-53
-52
-52
-52
-52
-51
-47
-46
-47
-54
-51
-56
-55
-53
-53
-52
-56
-56
-54
-54
-49
-48
-47
-34
-33
-41
-44
-41
-31
-31
-30
-26
-29
-24
-12
-10
2
2
14
29
34
38
43
51
55
60
60
59
62
63
62
62
61
61
63
62
63
63
62
61
57
58
56
58
58
59
56
57
59
63
59
58
61
57
58
59
58
57
60
58
57
58
53
60
60
61
55
52
55
56
58
54
56
52
54
52
49
50
50
50
50
47
46
45
46
40
40
36
35
35
34
35
34
33
34
32
30
32
30
19
-12
-20
-26
-26
-27
-22
-27
-27
-27
-26
-38
-39
-38
-33
-32
-39
-38
-39
-38
-44
-46
-49
-54
-67
-67
-69
-70
-71
-74
-74
-82
-90
-98
-98
-98
-98
-99
-98
-98
-100
-98
-99
-98
-97
-98
-99
-99
-98
-98
-99
-93
-94
-91
-90
-91
-90
-90
-90
-89
-90
-91
-91
-90
-91
-91
-90
-90
-90
-90
-90
-90
-91
-90
-90
-89
-91
-88
-88
-89
-87
-88
-90
-88
-85
-102
-86
-85
-88
-93
-92
-92
-95
-88
-88
-92
-103
-93
-94
-85
-86
-88
-87
-86
-84
-85
-85
-85
-85
-85
-85
-85
-91
-90
-79
35
49
62
61
68
80
89
120
143
160
172
177
209
222
227
242
248
248
248
250
254
257
264
272
273
278
278
277
272
269
268
266
266
267
266
268
266
266
266
259
259
260
258
260
265
267
267
256
252
240
220
207
174
162
134
122
113
91
86
78
79
79
79
85
122
150
160
173
179
188
197
208
211
214
223
224
226
226
227
226
222
221
220
224
225
235
246
249
255
257
257
258
256
258
259
256
256
257
257
257
257
258
257
248
241
227
199
181
171
152
144
102
83
78
73
71
70
69
69
70
69
70
69
69
69
69
69
69
69
69
70
69
70
69
70
69
70
69
70
73
75
81
84
95
101
104
115
122
144
146
149
154
162
165
168
174
189
194
201
208
210
216
216
217
217
217
218
221
222
229
237
242
242
242
242
244
243
243
242
243
233
232
230
224
220
207
198
183
172
169
162
154
147
125
116
111
104
90
78
76
70
69
70
68
69
68
67
68
69
68
68
69
73
74
77
84
87
91
92
92
93
98
107
112
115
124
136
149
147
146
152
156
159
161
164
166
165
161
160
160
156
165
154
149
147
143
139
137
130
126
119
118
114
112
110
108
103
90
87
77
74
74
69
69
68
68
68
66
64
64
62
63
63
62
61
61
61
62
62
62
62
61
62
61
60
62
61
66
66
66
65
66
65
66
65
65
66
66
66
67
66
67
66
67
66
67
66
66
67
67
67
67
67
66
67
66
67
67
68
67
68
67
68
67
68
68
68
67
67
67
67
67
67
68
68
68
68
68
67
67
67
68
68
68
69
69
70
69
71
73
73
73
73
74
74
75
75
76
75
76
75
76
76
76
76
76
78
80
83
84
85
85
86
86
86
88
90
91
92
92
98
101
108
119
126
147
153
160
174
174
179
181
188
202
204
207
208
208
209
207
209
209
208
208
204
209
208
208
203
204
207
207
202
200
200
200
200
200
199
200
199
206
215
218
220
222
221
220
221
218
217
218
217
218
217
213
217
218
219
219
215
209
201
196
194
182
180
172
167
164
143
129
116
111
106
81
75
69
67
68
67
67
67
67
67
68
68
67
68
67
68
67
68
67
68
67
67
67
68
67
67
68
67
68
68
68
68
68
67
67
67
67
67
67
68
67
67
68
67
67
68
67
68
68
67
68
67
70
67
68
67
67
67
67
67
66
67
67
68
67
68
68
68
68
67
67
68
67
68
68
67
68
67
68
66
68
67
66
66
66
67
66
65
67
66
67
66
67
66
65
66
68
66
66
66
66
66
64
63
62
63
58
54
35
15
-10
-47
-54
-77
-85
-86
-97
-98
-99
-99
-98
-99
-100
-100
-99
-99
-98
-99
-98
-99
-100
-93
-94
-92
-92
-92
-87
-88
-88
-86
-86
-82
-80
-76
-75
-65
-58
-54
-45
-45
-44
-42
-41
-39
-38
-38
-38
-36
-36
-35
-32
-27
-29
-29
-30
-26
-25
-25
-25
-22
-9
4
26
35
41
60
63
62
62
63
68
69
76
87
105
137
156
171
171
175
178
178
179
182
180
182
183
185
186
187
193
194
200
204
211
224
228
229
232
231
231
232
234
234
234
234
234
235
230
224
222
222
223
222
225
228
227
228
230
229
231
230
231
233
236
235
238
243
240
239
238
243
242
242
238
237
239
238
236
234
233
232
230
228
227
224
222
222
222
216
214
209
206
202
200
199
200
199
199
197
194
188
187
183
178
175
165
161
158
145
141
134
130
127
124
121
115
111
104
99
99
98
92
92
87
86
80
80
82
81
80
84
84
84
82
84
85
85
80
77
74
75
74
74
74
73
73
73
70
71
71
70
70
70
70
69
69
69
69
67
69
69
69
69
69
70
70
69
74
74
73
74
68
68
66
70
70
70
70
69
70
68
70
68
69
68
70
70
70
69
68
66
58
66
65
65
65
63
57
64
65
64
70
74
83
111
118
141
152
153
154
149
153
154
158
158
157
150
158
150
149
148
150
148
151
146
151
155
154
154
156
156
150
151
152
150
150
146
146
145
139
124
97
90
89
79
75
70
68
68
69
68
69
68
68
66
68
62
57
50
47
42
24
9
-26
-42
-52
-56
-61
-56
-56
-55
-56
-56
-51
-52
-56
-51
-59
-65
-63
-64
-75
-71
-71
-72
-72
-72
-72
-74
-74
-75
-78
-80
-83
-87
-97
-109
-108
-111
-114
-111
-107
-114
-114
-113
-115
-120
-127
-134
-138
-136
-137
-136
-136
-142
-137
-137
-138
-139
-138
-140
-139
-139
-140
-139
-140
-146
-132
-126
-123
-116
-110
-104
-87
-82
-70
-56
-29
34
38
61
62
62
62
63
66
65
76
84
96
146
160
165
171
178
183
184
198
206
209
210
218
229
229
229
242
238
243
243
241
248
245
237
246
239
245
240
219
217
219
212
212
212
218
219
217
214
220
222
219
217
217
226
226
222
219
228
234
237
240
243
244
242
243
243
244
244
251
250
245
251
252
255
254
256
260
260
258
260
255
254
255
254
254
253
255
253
258
262
265
264
270
273
274
279
284
286
291
289
283
287
282
281
271
263
260
256
256
255
254
253
257
257
256
259
258
260
255
253
257
253
249
244
231
187
178
127
84
62
63
62
61
60
58
57
53
42
32
1
-17
-42
-49
-49
-52
-52
-51
-52
-53
-53
-55
-56
-55
-56
-54
-55
-48
-27
-16
24
37
50
61
63
62
62
69
73
69
71
71
65
66
66
67
64
64
65
65
65
61
62
63
61
62
62
63
62
62
61
60
61
61
59
59
60
64
64
64
64
65
66
70
74
91
110
134
154
164
157
156
156
156
151
152
151
149
148
147
145
146
142
136
137
138
133
75
68
66
66
66
66
66
66
66
67
66
67
66
65
65
66
66
68
74
78
98
110
151
157
165
166
167
167
169
169
172
172
176
176
192
197
202
208
206
198
202
201
200
199
198
198
188
180
174
159
116
82
68
69
69
67
67
67
65
66
67
66
67
66
64
67
66
66
65
64
64
68
63
65
64
68
66
60
66
67
67
66
64
65
69
65
67
69
66
68
65
67
65
64
66
66
65
65
66
66
66
66
65
65
64
65
64
64
64
64
65
64
63
64
65
66
64
66
65
64
63
64
64
64
65
64
65
64
65
64
64
64
65
64
64
65
65
63
64
65
64
65
64
65
64
63
62
62
62
63
62
62
63
62
62
62
60
63
54
44
35
34
30
26
26
25
26
25
25
25
24
24
24
24
25
31
31
34
35
38
40
43
42
42
42
45
46
47
56
59
60
61
60
63
68
79
90
124
160
173
188
198
223
227
226
231
237
245
244
246
247
242
241
241
242
239
240
246
246
247
247
247
246
246
247
251
253
253
262
268
276
280
280
282
281
281
281
277
275
274
281
281
275
272
272
272
272
278
285
283
282
284
285
284
280
279
279
276
277
276
278
277
277
284
289
290
288
289
288
291
290
288
294
296
297
299
302
304
302
300
299
300
299
296
297
297
295
295
295
291
292
287
292
291
292
291
292
290
288
287
286
285
285
286
286
286
285
286
285
284
284
283
285
284
284
284
284
284
284
275
258
200
176
121
81
66
65
65
58
51
46
35
29
-14
-48
-66
-92
-102
-112
-114
-118
-130
-129
-129
-128
-129
-129
-129
-124
-121
-120
-126
-132
-135
-136
-136
-132
-130
-128
-128
-128
-128
-128
-128
-129
-128
-128
-126
-124
-123
-122
-119
-115
-111
-108
-90
-76
-44
35
50
59
64
62
66
66
66
66
66
62
62
61
61
61
62
62
61
62
61
61
61
65
65
66
68
78
161
173
179
182
185
202
203
197
196
188
176
169
115
83
68
66
67
67
66
66
66
66
65
66
65
66
65
66
66
69
69
69
70
68
70
69
70
69
70
70
69
70
69
71
70
70
71
71
71
71
70
70
71
70
70
70
70
70
70
70
70
70
70
70
70
70
71
70
71
70
71
70
78
82
83
83
84
74
74
71
70
69
69
69
69
68
68
68
68
68
68
69
68
69
67
66
66
66
66
64
64
64
65
64
64
63
63
63
62
61
62
61
60
61
60
61
60
60
61
60
65
66
69
68
63
68
68
68
69
68
69
68
68
68
69
64
63
64
62
62
62
63
62
62
63
59
61
62
62
62
62
62
62
62
67
66
66
66
66
67
66
67
66
67
66
66
66
67
66
67
66
66
65
67
67
66
67
66
66
66
67
66
67
66
67
67
66
66
66
66
67
66
66
66
67
66
67
66
66
66
67
66
67
66
66
66
67
67
67
66
66
67
66
66
66
67
66
67
66
66
66
68
68
67
66
66
68
67
66
62
67
67
67
67
62
57
60
61
64
63
64
60
63
62
62
62
61
60
62
38
64
62
63
61
61
66
59
61
61
62
60
58
60
59
62
61
61
62
59
59
59
61
60
60
60
60
60
65
66
66
73
66
68
68
68
67
67
67
68
67
63
64
63
64
63
63
62
61
67
66
69
68
68
67
67
67
69
67
68
68
68
68
68
73
67
67
67
68
66
68
67
69
68
68
68
70
75
82
98
166
174
224
234
243
250
254
256
257
259
258
258
254
252
245
244
244
252
255
262
266
271
276
278
282
283
282
279
279
277
277
277
275
276
283
285
289
297
299
307
311
278
310
311
309
313
320
338
341
354
358
367
368
369
367
366
374
373
376
378
379
399
378
376
372
368
367
358
370
345
338
323
308
286
263
256
197
177
166
172
162
158
145
140
139
130
104
97
99
81
72
69
66
70
66
66
62
66
65
65
62
61
62
60
59
58
57
57
57
56
55
57
56
57
57
56
56
57
57
56
57
56
56
56
57
56
56
57
61
60
60
60
60
61
60
61
59
61
60
62
61
59
60
59
60
52
61
61
61
58
62
60
54
59
64
62
63
62
61
64
64
65
62
60
63
73
64
66
65
65
65
65
58
63
66
64
65
66
62
65
65
64
64
64
65
63
65
65
63
64
65
64
65
64
65
64
65
64
64
65
66
65
66
63
65
65
65
65
66
66
65
66
65
66
65
66
66
66
66
66
66
64
65
66
65
65
66
64
65
67
66
66
66
65
65
66
64
64
65
66
65
65
65
66
66
65
65
65
66
66
66
65
66
65
66
65
64
65
65
65
65
61
58
56
44
41
34
35
33
34
33
34
40
41
42
49
55
57
58
57
57
57
58
58
58
57
57
58
58
57
57
57
59
58
59
58
59
58
55
51
50
42
30
-14
-24
-44
-64
-69
-70
-70
-70
-70
-61
-60
-53
-47
-30
-21
-14
-10
-7
-6
-5
-1
5
9
15
17
18
19
24
25
29
41
47
52
52
53
52
53
51
53
52
52
52
51
54
52
55
62
63
63
65
65
64
64
64
64
65
65
66
66
65
65
66
65
64
66
64
65
65
63
66
65
60
63
61
60
61
64
64
60
61
61
63
61
63
62
61
63
62
60
60
62
60
62
62
62
62
60
62
62
59
62
60
62
61
62
60
61
61
63
63
61
61
60
62
63
62
61
63
60
65
66
66
66
67
66
66
66
67
66
66
67
66
67
67
67
66
67
66
68
67
68
67
68
68
68
63
64
62
62
64
62
64
64
63
62
63
63
64
64
63
64
63
64
63
64
63
64
63
64
62
64
63
62
64
63
67
67
68
68
67
67
66
67
69
67
71
67
68
68
67
68
68
66
68
67
68
67
67
68
68
67
68
68
67
67
68
68
68
67
67
68
68
66
67
68
68
67
67
67
68
68
67
69
68
68
68
67
67
68
67
68
68
68
68
69
67
66
68
64
63
61
63
62
61
61
62
62
62
61
62
62
62
63
61
62
62
61
62
61
61
63
61
64
61
62
61
62
61
61
62
62
61
62
62
60
60
62
61
61
62
61
61
61
62
60
60
61
60
60
61
60
60
60
60
60
61
60
59
61
61
60
61
60
61
60
62
64
63
65
65
64
64
67
66
67
66
67
66
67
66
68
66
66
67
66
66
66
66
66
66
69
66
67
68
67
68
68
68
68
68
67
68
68
67
67
68
66
68
68
67
67
67
67
65
68
68
68
68
67
68
67
68
67
67
67
67
68
67
68
67
68
67
68
65
68
67
68
67
68
68
67
67
67
67
68
68
68
68
69
69
70
70
70
70
70
70
65
66
66
65
64
65
64
65
68
65
64
62
62
63
63
62
63
60
62
77
77
77
60
64
61
62
64
61
62
62
63
62
62
62
54
59
58
58
59
58
55
53
53
51
49
47
46
45
43
42
43
43
42
47
51
52
52
54
56
57
56
58
56
56
56
57
57
58
56
56
52
52
52
52
51
51
51
51
52
51
52
51
52
51
52
52
50
49
49
42
40
36
14
-6
-26
-28
-36
-37
-40
-63
-71
-83
-92
-102
-114
-115
-115
-115
-115
-115
-115
-115
-116
-115
-116
-108
-107
-106
-103
-102
-101
-97
-96
-95
-93
-92
-93
-93
-93
-94
-92
-91
-93
-100
-99
-99
-99
-99
-99
-99
-99
-98
-100
-100
-99
-99
-100
-99
-100
-99
-100
-99
-98
-99
-98
-100
-99
-99
-98
-93
-93
-95
-94
-95
-92
-89
-84
-81
-61
-22
54
62
63
66
68
74
82
102
166
174
217
232
240
253
254
264
267
269
279
279
290
290
297
295
300
303
306
306
306
309
309
309
317
312
314
307
310
316
340
282
282
289
274
274
258
240
253
250
246
241
235
236
233
229
226
228
233
232
231
232
232
225
223
223
224
220
228
228
230
233
233
233
234
233
229
229
229
225
224
214
210
201
181
170
154
137
115
116
121
130
160
174
194
205
210
208
207
211
213
214
214
219
214
218
218
218
220
218
220
218
217
220
218
218
219
221
198
194
193
184
180
188
196
197
203
205
210
209
210
201
207
214
215
215
215
215
215
215
210
202
194
172
168
161
128
111
82
73
67
68
67
66
65
63
63
62
62
58
45
38
33
28
24
22
18
9
6
6
5
3
2
3
2
7
8
8
13
16
18
22
24
26
29
34
35
34
35
33
28
28
27
27
26
23
17
6
2
-5
-12
-19
-40
-40
-40
-40
-26
-23
-23
-22
-21
-22
-20
-18
-19
-14
-17
-16
-15
-13
-9
-7
-7
-6
-4
-3
-3
1
2
9
20
22
22
23
24
25
23
23
24
25
24
24
24
24
25
25
24
20
14
19
21
19
18
16
12
18
16
17
17
17
18
20
16
14
18
17
18
12
14
11
13
10
6
12
9
8
10
6
5
3
3
4
2
6
-2
0
3
1
2
2
0
3
3
4
15
10
9
18
17
18
10
8
10
16
16
19
10
10
10
11
14
21
8
6
9
6
6
10
4
6
5
7
4
6
11
14
18
20
24
16
16
22
26
29
28
28
28
31
30
30
30
32
32
32
32
33
32
32
32
32
32
33
32
27
28
25
25
24
18
14
6
5
2
3
1
1
2
1
2
1
2
6
12
21
26
32
35
38
43
44
49
54
56
54
52
51
51
52
60
61
61
62
62
62
63
62
62
62
57
53
45
40
31
25
11
-8
-18
-51
-68
-83
-93
-95
-100
-102
-109
-124
-130
-130
-131
-129
-132
-130
-132
-134
-134
-136
-136
-147
-151
-152
-155
-157
-163
-163
-164
-168
-168
-180
-187
-189
-209
-218
-215
-213
-214
-215
-206
-195
-188
-174
-172
-168
-170
-169
-160
-160
-163
-155
-155
-168
-168
-162
-160
-161
-159
-162
-159
-185
-161
-159
-162
-159
-162
-162
-161
-162
-162
-160
-160
-163
-158
-160
-162
-162
-165
-163
-165
-164
-166
-166
-164
-166
-168
-163
-167
-164
-166
-162
-160
-162
-151
-159
-159
-157
-156
-160
-153
-148
-158
-151
-159
-150
-150
-150
-150
-150
-150
-150
-145
-145
-145
-145
-160
-151
-161
-120
-132
-116
-84
-53
-2
48
60
60
62
62
63
63
64
63
64
64
68
68
68
66
68
68
64
64
64
71
64
65
64
64
65
64
63
63
63
64
64
62
63
63
61
61
61
61
62
62
61
61
61
61
61
62
66
67
66
67
66
67
66
67
67
66
67
66
67
66
66
66
67
66
66
66
66
66
70
77
83
111
126
151
162
170
193
200
213
218
221
224
225
234
240
252
256
265
269
272
279
281
282
290
294
301
306
310
311
312
316
315
316
316
316
315
315
315
315
315
315
316
316
315
316
315
316
315
316
315
316
314
310
309
306
301
298
285
273
263
233
210
169
145
107
67
65
65
63
62
61
62
59
58
58
48
40
32
28
17
-10
-44
-76
-84
-92
-102
-109
-111
-111
-114
-119
-121
-126
-127
-130
-130
-130
-139
-141
-146
-144
-146
-148
-148
-148
-148
-152
-152
-152
-153
-154
-152
-154
-156
-156
-156
-157
-156
-157
-159
-159
-164
-163
-164
-163
-164
-163
-164
-158
-159
-158
-157
-157
-157
-153
-153
-152
-152
-152
-152
-153
-152
-150
-148
-148
-148
-148
-148
-148
-148
-147
-143
-141
-141
-140
-139
-136
-137
-138
-137
-138
-136
-136
-136
-136
-136
-136
-136
-136
-136
-136
-136
-135
-137
-136
-134
-135
-136
-135
-134
-131
-130
-124
-105
-94
-80
36
54
62
61
65
68
74
116
150
166
179
183
196
208
219
219
220
219
219
219
212
212
211
211
212
209
208
223
230
226
225
232
235
239
252
254
255
255
249
239
233
232
231
228
229
228
228
228
228
234
236
237
240
239
240
239
239
235
235
234
234
234
247
252
253
254
253
253
253
247
244
242
246
247
249
252
256
258
259
272
271
288
290
294
294
295
289
290
289
280
279
278
276
276
275
272
273
265
261
254
253
249
245
237
220
198
170
151
125
79
68
62
60
60
59
60
59
60
59
60
59
60
59
60
59
57
55
53
51
48
46
36
19
-45
-56
-61
-65
-69
-79
-82
-83
-86
-89
-88
-89
-90
-89
-89
-91
-92
-90
-91
-84
-78
-74
-72
-64
-61
-54
-53
-48
-39
-29
-15
-7
15
18
22
24
28
34
36
38
38
39
40
39
39
41
40
40
40
41
40
40
41
40
40
41
41
44
43
44
44
43
44
42
43
45
44
47
46
49
48
48
48
49
48
49
48
49
49
49
49
48
49
48
48
48
49
48
49
48
49
48
48
48
49
48
48
48
49
48
48
48
48
48
49
48
49
50
51
50
50
51
52
52
51
52
53
53
52
53
54
54
55
57
57
59
59
61
61
61
61
63
63
62
69
68
69
68
63
64
65
64
65
65
65
65
65
65
64
65
64
64
64
64
63
65
64
64
64
64
63
64
63
64
63
62
63
63
63
63
64
63
64
63
63
63
64
64
64
64
63
63
61
63
63
66
65
66
66
66
66
66
64
66
67
66
68
67
67
67
67
66
66
66
66
67
66
66
67
66
67
68
60
66
66
67
66
64
61
67
61
61
60
60
60
63
61
64
63
60
61
62
67
61
58
61
62
62
56
60
62
60
58
71
64
66
63
63
64
61
63
66
64
63
61
61
61
60
61
64
63
61
61
61
62
60
61
62
63
60
62
63
61
61
63
62
59
61
61
61
62
60
62
61
60
61
54
46
42
30
13
-6
-60
-78
-95
-101
-105
-115
-115
-119
-120
-125
-134
-144
-159
-165
-170
-188
-187
-191
-192
-192
-191
-191
-194
-195
-198
-195
-194
-196
-198
-198
-199
-207
-217
-222
-226
-230
-234
-242
-245
-253
-252
-258
-268
-274
-300
-308
-311
-315
-315
-318
-316
-317
-317
-317
-314
-319
-319
-317
-317
-316
-316
-316
-317
-311
-309
-309
-308
-306
-307
-305
-304
-303
-304
-302
-300
-302
-301
-302
-301
-307
-308
-306
-306
-304
-306
-306
-307
-308
-309
-310
-309
-310
-310
-309
-305
-309
-308
-308
-309
-303
-304
-304
-302
-301
-298
-302
-296
-295
-294
-290
-287
-287
-282
-279
-275
-278
-271
-276
-273
-275
-278
-271
-273
-270
-266
-268
-271
-259
-271
-266
-268
-263
-264
-265
-259
-257
-252
-247
-221
-186
-140
-76
-36
24
39
47
54
57
60
60
59
60
66
67
67
67
67
68
79
92
121
146
167
192
209
234
247
254
261
269
276
280
283
291
294
296
299
301
305
311
312
312
314
320
318
318
309
300
268
252
233
225
211
176
163
138
126
112
102
82
67
66
67
66
66
66
65
64
64
65
64
63
64
64
68
127
165
210
223
238
245
246
247
239
223
187
176
161
145
119
85
67
66
65
65
65
66
65
65
65
65
66
66
66
65
66
65
66
65
66
65
65
65
65
65
65
64
65
66
66
66
65
65
65
66
65
65
65
64
65
65
66
64
66
65
66
65
66
66
64
64
64
63
65
64
65
65
64
64
62
63
63
63
64
64
63
63
64
63
64
63
57
45
35
6
-4
-25
-43
-68
-100
-110
-136
-150
-163
-185
-203
-219
-225
-230
-248
-259
-264
-267
-269
-272
-275
-288
-295
-305
-306
-306
-306
-300
-289
-288
-287
-269
-259
-230
-220
-207
-159
-140
-113
-102
-104
-109
-120
-146
-162
-173
-215
-221
-225
-225
-227
-227
-227
-226
-226
-226
-221
-221
-221
-220
-219
-219
-218
-216
-216
-206
-201
-193
-183
-175
-168
-162
-157
-142
-135
-127
-125
-121
-110
-107
-101
-95
-91
-78
-75
-61
-59
-57
-56
-55
-53
-53
-51
-51
-51
-51
-50
-51
-50
-52
-50
-51
-49
-49
-50
-49
-49
-45
-45
-44
-44
-43
-43
-41
-41
-41
-41
-39
-40
-39
-40
-40
-40
-40
-40
-41
-40
-40
-40
-40
-40
-41
-40
-40
-40
-40
-40
-40
-40
-40
-40
-40
-40
-40
-39
-40
-39
-40
-40
-40
-39
-40
-40
-40
-40
-40
-40
-40
-40
-40
-40
-38
-38
-38
-39
-38
-39
-38
-39
-38
-39
-39
-39
-39
-39
-39
-38
-39
-38
-38
-37
-37
-37
-37
-38
-37
-38
-38
-38
-37
-38
-38
-38
-37
-38
-38
-38
-38
-38
-38
-38
-38
-38
-38
-11
35
58
60
62
65
68
84
108
136
166
179
217
231
240
256
260
270
270
277
287
290
300
310
331
336
343
354
357
356
357
357
349
347
346
347
352
359
363
371
373
374
380
382
389
393
395
405
407
413
412
414
417
417
416
417
418
418
418
418
418
417
418
418
418
418
418
418
421
423
424
427
428
428
428
430
429
431
430
425
417
374
350
319
266
247
209
190
175
163
152
131
117
117
142
160
178
194
205
212
215
217
216
213
207
204
201
199
199
198
199
195
192
176
173
166
140
109
72
68
70
67
67
67
66
66
66
66
66
66
66
66
66
64
64
63
61
60
57
52
44
-12
-50
-66
-71
-79
-93
-96
-107
-112
-124
-132
-140
-150
-152
-158
-161
-162
-161
-161
-161
-162
-160
-162
-161
-154
-152
-151
-142
-135
-125
-118
-110
-84
-71
-54
-38
-9
35
44
53
54
55
56
56
57
56
56
57
57
58
58
61
61
62
62
62
62
62
62
62
62
62
62
62
62
62
63
63
64
65
66
65
66
66
60
59
60
59
59
58
58
57
57
58
58
58
62
62
63
64
63
64
64
64
64
62
63
63
63
64
63
63
64
63
63
64
63
64
63
64
62
64
63
60
59
59
59
59
59
59
60
59
60
59
60
59
60
59
60
59
59
58
58
59
58
57
58
58
56
54
46
42
40
28
8
-30
-44
-53
-57
-59
-71
-73
-79
-94
-100
-105
-107
-108
-108
-110
-114
-115
-120
-130
-134
-142
-148
-152
-163
-168
-173
-180
-188
-190
-190
-190
-191
-192
-191
-191
-191
-191
-191
-191
-192
-191
-192
-191
-193
-194
-195
-194
-196
-195
-195
-195
-195
-195
-194
-195
-196
-196
-188
-186
-184
-174
-168
-156
-151
-146
-145
-142
-140
-141
-140
-134
-125
-104
-94
-59
-15
28
45
53
54
56
57
58
59
58
59
59
60
60
59
59
59
58
60
59
59
60
59
60
59
60
55
56
55
56
55
55
55
55
55
55
56
55
55
55
56
54
55
54
52
40
-56
-92
-108
-123
-130
-139
-140
-139
-132
-127
-116
-99
-85
-2
39
64
67
68
89
145
189
216
232
250
254
272
274
278
288
291
298
302
302
310
312
321
324
338
340
342
346
346
346
346
349
348
345
341
336
323
309
300
267
240
218
182
171
118
89
80
67
68
67
68
67
66
66
66
65
65
65
65
65
65
66
65
65
65
66
65
66
64
66
65
66
65
65
65
65
65
65
66
65
66
69
70
68
70
69
70
68
69
69
69
69
69
70
69
70
69
70
68
70
69
70
69
69
69
69
69
69
69
70
70
69
69
69
70
70
71
71
67
66
65
65
65
65
65
66
69
70
69
70
69
70
69
70
69
69
69
69
69
68
69
68
70
69
70
69
69
69
70
69
70
65
65
66
65
66
65
65
65
65
65
65
66
65
66
65
66
66
66
65
66
65
65
64
65
65
65
66
65
65
65
66
65
66
65
65
65
64
66
64
66
65
66
67
65
65
65
65
65
66
65
66
65
66
65
66
65
66
65
64
66
65
66
65
65
65
65
65
65
66
65
66
65
66
65
66
65
66
65
65
65
64
65
65
65
65
66
66
66
65
66
65
66
66
66
65
65
66
65
66
65
64
65
65
65
65
66
67
66
65
66
65
66
65
66
66
65
65
65
65
65
66
65
66
65
66
65
66
65
66
65
66
66
65
65
65
65
65
66
66
65
65
65
65
66
65
65
66
65
66
65
66
64
66
66
66
65
65
66
65
66
66
66
65
65
63
66
64
64
64
66
61
64
64
66
66
64
66
64
65
63
63
64
65
64
85
64
63
66
70
68
61
66
67
68
66
63
63
65
66
66
66
64
66
64
61
67
66
65
66
65
52
63
64
63
62
65
66
63
66
58
54
50
32
19
-25
-59
-84
-105
-116
-118
-120
-124
-130
-131
-134
-136
-135
-136
-139
-140
-142
-141
-151
-158
-164
-164
-166
-170
-169
-174
-189
-216
-223
-229
-248
-253
-267
-269
-274
-278
-282
-291
-292
-294
-298
-298
-310
-316
-311
-332
-343
-346
-352
-353
-361
-353
-356
-353
-353
-357
-356
-355
-359
-356
-356
-357
-359
-347
-347
-340
-339
-329
-324
-317
-319
-315
-304
-300
-300
-291
-286
-278
-274
-258
-250
-245
-219
-212
-172
-157
-136
-98
-82
-40
-10
13
33
37
46
49
51
53
54
56
58
58
58
59
58
58
58
60
57
60
59
62
64
65
66
66
67
67
68
67
68
68
68
67
62
63
62
63
63
62
63
63
63
62
61
62
61
61
61
61
60
61
61
60
62
61
62
61
61
62
61
61
61
61
61
62
62
61
61
62
61
62
61
62
61
61
61
61
61
61
62
61
62
65
67
67
67
67
67
67
66
67
66
67
66
63
62
62
62
63
63
62
59
58
57
58
56
53
44
38
21
-11
-48
-83
-91
-104
-109
-111
-119
-120
-125
-128
-131
-135
-134
-136
-139
-140
-150
-163
-172
-173
-178
-184
-188
-198
-201
-209
-218
-220
-227
-233
-238
-245
-247
-255
-255
-255
-255
-256
-257
-256
-252
-251
-257
-258
-259
-258
-259
-259
-253
-253
-241
-227
-213
-162
-146
-112
-95
-78
-55
-26
25
33
36
44
45
50
51
54
55
56
56
57
58
64
68
86
113
161
174
183
217
222
236
242
248
250
252
251
251
252
252
246
240
238
235
232
236
248
250
252
254
258
264
270
269
276
278
289
289
292
298
302
307
307
308
306
307
296
288
253
237
220
204
198
191
184
176
169
167
147
138
128
118
114
103
90
90
85
84
83
84
84
84
83
84
83
81
81
81
81
81
82
81
82
81
86
85
86
85
86
85
86
85
85
85
85
81
81
82
81
82
80
82
81
82
81
82
80
83
81
81
81
81
82
81
88
147
168
171
182
200
219
227
234
243
248
253
254
259
272
276
280
282
290
291
290
290
290
286
282
282
282
282
282
282
282
288
288
282
276
270
261
253
229
211
196
175
168
152
146
140
125
120
114
114
114
112
111
111
112
111
111
110
110
109
110
109
109
108
109
109
109
114
120
126
143
151
161
167
171
178
182
192
202
209
227
232
236
246
249
249
250
253
254
253
254
253
253
244
237
211
195
177
166
154
123
110
89
88
85
80
78
74
71
70
69
69
68
68
68
66
67
66
67
67
67
67
66
67
67
66
67
67
67
66
66
66
65
63
59
46
31
-59
-72
-82
-95
-98
-110
-119
-132
-140
-149
-158
-164
-173
-175
-175
-186
-185
-187
-186
-187
-186
-187
-186
-187
-188
-187
-186
-186
-187
-186
-172
-168
-162
-156
-148
-124
-115
-99
-89
-82
-71
-66
-60
-55
-51
-43
-37
-17
-6
19
28
35
45
55
55
56
57
58
59
62
61
61
61
61
61
61
62
61
62
61
62
61
62
61
62
61
61
61
61
61
60
62
61
61
60
61
62
61
62
61
61
61
61
60
61
60
61
61
61
61
57
56
57
57
57
58
57
57
57
58
57
58
57
57
56
57
57
57
58
57
58
57
58
57
58
57
58
57
56
57
57
57
57
57
56
57
57
58
57
57
58
57
57
57
58
57
58
57
58
57
57
57
57
57
57
58
57
58
57
58
57
58
57
58
57
57
57
57
57
57
57
57
57
56
57
56
57
57
57
58
57
58
57
58
57
57
57
57
57
57
57
56
56
57
58
57
58
57
58
57
58
57
57
57
57
57
57
58
57
58
57
58
57
58
58
57
57
57
58
57
58
58
58
57
57
57
57
57
57
58
57
58
57
58
57
58
57
58
57
57
57
57
61
60
62
60
62
62
62
62
62
61
61
62
61
62
59
62
62
62
61
61
61
61
61
61
62
61
62
61
62
61
62
61
62
62
63
61
61
61
61
62
63
62
61
62
61
62
61
62
61
61
61
61
61
61
62
61
62
61
62
61
62
61
62
61
62
61
60
62
60
61
61
62
61
61
61
61
62
61
62
61
62
61
62
61
62
62
62
61
61
61
61
62
61
62
61
62
61
62
62
62
61
62
61
61
62
61
62
61
62
61
61
62
61
61
62
61
61
61
59
61
62
62
61
62
59
61
61
61
62
62
61
61
61
61
62
61
61
62
61
60
62
63
62
62
66
61
62
63
62
62
63
63
63
62
62
62
58
57
59
58
57
58
58
58
56
57
59
59
58
60
58
57
58
58
59
58
60
58
57
58
62
60
73
59
60
60
59
56
60
59
63
62
62
65
66
80
83
83
106
144
156
166
164
178
176
177
179
178
173
179
174
173
175
174
169
144
124
112
80
68
79
67
66
66
65
66
66
66
62
66
65
66
69
81
130
176
195
248
260
261
276
278
285
284
285
285
280
278
278
276
273
270
266
261
257
246
237
218
209
199
195
189
179
174
175
172
172
171
171
169
168
167
154
144
88
69
67
67
67
67
67
68
67
68
67
68
70
68
67
68
67
67
66
67
68
67
68
67
68
67
68
67
68
67
68
67
66
68
67
67
68
68
70
67
67
68
66
68
68
67
67
68
67
68
73
85
90
101
109
146
149
162
167
172
176
181
199
201
202
209
209
198
197
194
191
191
205
214
224
252
255
265
267
269
268
270
269
267
269
269
270
268
270
270
269
270
268
271
270
269
260
267
265
263
267
266
264
265
265
265
264
264
263
260
260
258
247
225
178
172
148
80
71
67
66
68
67
66
65
66
68
64
65
65
67
66
66
65
66
64
66
64
65
66
66
65
66
65
66
66
67
68
65
65
65
66
65
66
65
66
65
65
65
65
66
65
66
66
66
65
65
66
65
66
65
65
64
67
65
65
65
66
66
65
63
65
66
65
66
66
65
65
66
65
65
65
65
65
65
66
65
66
65
66
65
66
65
66
65
65
67
65
65
65
65
65
66
65
66
65
66
65
66
65
66
65
65
65
66
65
65
66
65
66
66
66
65
66
65
66
66
65
66
66
65
66
66
65
65
66
66
65
66
65
66
65
66
66
65
66
65
64
64
65
65
65
65
65
65
65
66
65
66
65
65
65
66
65
65
65
65
65
65
66
65
66
65
66
65
66
65
66
65
65
65
65
65
65
65
65
66
65
66
65
66
65
66
65
66
65
65
65
65
65
65
66
65
66
65
66
65
66
65
66
65
65
65
65
65
65
66
65
66
65
66
65
66
65
66
65
66
65
65
65
65
65
65
66
65
66
65
66
65
66
65
66
65
65
66
65
65
65
66
65
66
65
66
65
66
65
65
65
65
66
65
65
64
66
65
65
64
65
64
65
66
65
65
65
65
64
66
64
66
65
65
64
65
64
66
65
66
65
65
66
64
66
64
65
64
65
65
65
65
65
66
65
66
65
66
65
66
65
66
66
65
65
65
65
65
64
65
66
66
65
65
66
64
66
65
66
65
65
65
65
65
65
66
65
66
65
66
65
66
65
66
65
66
65
65
65
65
66
66
66
65
66
65
66
65
66
65
66
65
65
65
65
65
65
66
65
66
65
66
65
66
65
66
65
65
65
65
65
65
66
65
66
65
66
65
66
65
66
65
65
65
64
65
64
65
64
65
64
65
65
65
65
65
65
65
65
64
65
64
65
64
65
64
65
64
65
65
65
65
65
66
65
66
65
66
65
66
65
65
65
65
66
66
66
65
66
65
66
65
66
65
66
65
65
65
65
65
65
66
65
66
65
66
65
66
65
66
65
65
65
65
65
64
66
65
66
64
66
65
66
65
65
65
64
65
65
66
65
66
65
65
65
65
65
65
66
64
65
64
65
66
65
66
65
65
64
65
65
66
65
65
65
65
65
65
66
65
66
65
66
65
66
65
65
65
65
66
65
66
65
66
65
65
65
65
65
65
66
65
66
65
66
66
65
66
65
66
65
66
65
66
65
65
65
65
65
65
66
65
66
65
66
65
66
65
66
65
66
65
65
65
65
65
66
66
65
66
65
66
66
65
66
65
66
66
66
65
66
65
65
65
64
65
64
64
63
64
63
64
67
68
67
68
67
69
68
66
68
67
68
68
68
68
68
68
68
62
56
53
45
40
39
6
-10
-26
-39
-68
-104
-121
-154
-163
-168
-186
-191
-196
-192
-195
-194
-194
-196
-194
-196
-194
-196
-175
-172
-169
-169
-169
-170
-174
-176
-195
-201
-202
-202
-202
-190
-169
-143
-133
-108
-98
-91
-88
-84
-90
-92
-100
-99
-99
-73
59
62
62
62
64
64
64
63
64
64
64
64
63
64
64
64
64
63
64
64
63
63
65
63
63
63
64
63
64
63
56
55
56
55
55
55
56
47
47
47
47
47
47
48
47
48
47
45
47
48
47
50
43
38
-83
-127
-172
-183
-187
-180
-186
-177
-171
-170
-170
-169
-167
-175
-175
-178
-206
-246
-256
-307
-342
-360
-366
-366
-360
-348
-337
-326
-320
-288
-266
-257
-244
-229
-182
-183
-182
-189
-183
-182
-182
-182
-176
-167
-156
-146
-129
-109
-106
-98
-96
-92
-77
-74
-63
-56
11
31
44
44
45
44
49
48
48
48
48
48
48
48
48
49
49
48
49
48
48
49
49
48
48
48
49
49
49
49
49
48
48
49
48
48
48
48
48
48
48
49
48
50
49
49
49
49
49
48
48
48
49
48
47
48
49
48
49
49
48
48
49
49
48
49
48
41
40
41
40
41
40
41
39
41
41
41
41
40
41
40
41
40
41
40
41
40
41
41
36
35
36
35
36
35
35
35
35
35
35
36
40
43
43
53
60
82
87
88
88
88
89
94
98
99
88
55
44
43
42
42
41
41
40
41
40
41
40
40
41
41
41
40
41
40
41
40
44
49
50
75
120
141
158
175
206
224
234
241
243
247
249
252
266
276
283
291
301
306
307
316
318
324
340
344
351
357
378
381
380
377
375
366
352
335
305
295
269
256
241
208
189
157
149
133
102
92
66
62
60
52
51
45
45
45
44
43
44
43
43
43
43
42
42
42
41
42
45
46
46
46
46
46
47
47
47
43
42
43
42
46
52
66
80
84
84
77
61
57
44
45
43
44
43
43
41
41
41
41
41
41
41
42
42
41
42
41
43
41
42
41
42
41
41
41
41
41
41
42
41
42
41
42
41
42
41
42
41
41
41
41
41
41
42
41
42
41
42
41
42
41
42
41
42
42
42
42
41
41
41
41
40
41
41
41
42
41
42
42
42
41
42
41
42
41
39
41
41
41
41
42
41
42
41
42
41
42
41
42
45
46
45
52
93
122
136
162
182
214
224
228
237
236
236
237
232
231
230
232
232
231
237
236
238
236
233
232
233
232
233
232
232
232
232
231
232
230
231
231
229
228
228
228
228
228
227
228
227
228
227
227
224
222
213
209
204
200
199
198
196
191
190
190
190
188
188
184
182
180
181
176
171
160
158
158
155
153
151
151
149
149
148
148
147
147
146
146
146
146
142
98
66
40
40
40
40
39
40
39
40
39
45
45
44
52
65
106
156
162
171
180
185
192
192
192
192
193
200
202
211
218
222
226
228
228
228
228
224
225
225
225
224
225
228
229
229
230
229
230
229
226
222
222
221
222
221
218
213
211
200
191
173
168
165
162
158
154
154
151
144
140
128
119
103
82
65
49
43
43
43
42
42
42
44
41
40
40
40
40
39
41
40
40
40
41
41
40
41
41
41
40
41
40
41
40
41
40
41
40
41
41
40
40
41
41
40
41
40
40
40
40
40
40
40
40
41
40
40
40
40
41
40
41
40
41
40
41
40
41
40
39
40
41
40
41
40
41
44
41
41
40
40
40
42
40
40
40
40
40
40
41
40
40
41
41
40
41
43
41
40
40
41
40
43
40
41
41
41
40
41
40
41
40
40
40
41
41
40
41
40
41
40
41
40
42
41
41
40
39
39
41
40
41
40
41
42
40
42
40
40
40
41
40
39
40
41
40
40
41
41
41
40
42
40
50
41
40
40
40
41
39
53
40
39
39
38
39
64
42
41
40
46
39
39
41
43
40
39
40
38
44
29
42
42
40
40
42
48
39
39
41
40
38
40
41
40
40
41
39
41
40
40
41
40
40
41
41
41
41
39
41
40
42
40
40
41
40
40
39
40
42
42
40
41
40
39
41
40
39
41
39
41
41
40
41
39
41
40
34
41
40
41
42
41
41
42
40
41
40
41
42
42
40
40
41
40
42
40
42
40
40
41
40
40
40
46
41
41
41
40
40
37
41
41
40
41
41
40
39
40
41
40
41
40
40
40
40
41
41
41
41
41
40
41
40
41
39
41
40
41
40
41
41
40
41
41
41
40
41
40
41
40
41
40
41
40
41
40
41
41
41
41
40
41
40
41
40
40
40
39
40
41
40
41
41
41
41
41
41
40
41
40
41
40
41
40
41
40
41
41
41
41
41
41
40
39
40
40
40
40
40
40
40
40
40
40
40
40
40
40
40
40
40
40
40
40
40
40
41
40
42
40
40
40
41
40
40
40
40
40
40
40
40
40
40
40
40
40
40
40
40
40
40
40
40
40
40
40
40
40
40
40
41
40
41
41
41
40
40
41
40
41
40
40
40
40
40
40
40
40
40
40
41
41
41
40
41
41
40
41
40
41
40
41
40
41
40
41
40
41
41
41
41
41
41
40
41
40
41
40
41
40
40
40
41
41
41
41
41
41
40
41
40
41
40
40
40
40
40
40
40
40
40
40
41
40
40
41
40
40
39
40
40
41
40
41
40
40
40
41
40
41
41
41
41
41
41
40
41
40
41
40
38
37
38
34
34
35
34
34
34
34
34
35
38
38
39
39
38
38
39
38
39
38
35
34
34
29
26
24
12
7
-14
-23
-31
-61
-67
-79
-91
-100
-124
-127
-112
-40
11
45
45
40
38
38
39
38
39
38
39
27
14
-63
-101
-171
-219
-246
-248
-249
-252
-254
-255
-255
-257
-257
-249
-248
-247
-234
-205
-206
-205
-215
-225
-260
-274
-285
-295
-305
-309
-309
-309
-323
-330
-340
-345
-345
-347
-346
-342
-342
-342
-336
-332
-326
-319
-304
-295
-281
-257
-257
-250
-226
-185
-158
-142
-120
-112
-106
-78
-15
38
37
39
39
39
35
34
31
10
-21
-61
-66
-69
40
35
36
36
36
36
35
36
35
34
28
27
21
14
-39
-72
-86
-105
-112
-124
-121
-128
-139
-144
-150
-158
-165
-174
-180
-186
-194
-202
-211
-221
-232
-234
-235
-235
-235
-235
-235
-236
-236
-236
-240
-244
-246
-245
-246
-247
-246
-246
-245
-247
-246
-246
-246
-246
-241
-233
-233
-233
-231
-230
-227
-227
-226
-224
-224
-224
-221
-222
-219
-212
-199
-197
-184
-170
-145
-108
-86
-5
16
30
36
36
36
37
37
38
41
61
134
148
176
205
229
232
243
253
257
268
274
284
282
283
290
294
303
309
310
319
318
318
318
318
312
312
312
313
319
320
321
318
320
320
321
320
320
320
316
309
310
305
304
302
303
301
296
287
262
238
207
144
113
58
43
42
41
40
41
40
41
40
40
40
41
41
41
41
40
39
37
37
36
37
36
37
36
37
36
37
37
37
37
37
37
36
37
35
35
36
34
34
34
35
35
33
35
34
34
34
38
39
43
39
39
44
50
56
69
92
147
152
177
220
223
234
235
247
255
260
277
281
284
292
298
298
298
298
298
299
300
301
296
296
297
301
300
295
295
296
295
296
297
301
303
303
299
299
300
297
294
293
275
264
245
220
204
181
169
169
145
143
129
130
130
118
93
54
41
39
38
38
36
39
38
37
38
38
38
39
39
38
45
50
53
54
58
58
57
60
61
69
88
105
127
132
137
142
143
148
146
145
142
145
127
88
57
39
38
29
23
16
0
-12
-61
-75
-98
-100
-101
-104
-106
-113
-114
-114
-114
-116
-118
-119
-118
-117
-119
-133
-142
-153
-181
-203
-234
-241
-248
-262
-271
-276
-278
-278
-279
-273
-254
-246
-234
-171
-150
-126
-116
-102
-94
-95
-92
-92
-85
-79
-74
-69
-69
-63
-54
-49
-29
-27
-26
-19
-5
9
14
30
35
36
37
37
38
37
38
37
38
37
38
37
38
37
38
36
40
39
44
56
58
74
140
151
175
210
220
219
219
214
220
218
205
203
176
155
124
75
48
41
38
36
37
31
30
29
29
28
30
29
28
28
29
28
27
23
24
32
36
36
38
37
37
38
36
36
40
41
41
52
74
149
156
187
213
219
235
236
255
260
265
280
285
284
285
285
280
278
279
279
279
279
279
272
267
266
257
252
247
246
242
230
226
208
196
166
106
58
43
41
41
40
40
40
40
40
44
43
53
57
62
62
80
106
127
148
158
182
212
223
235
237
238
243
248
253
254
253
255
255
244
233
224
196
182
147
140
138
138
140
149
151
159
162
171
187
184
183
180
159
140
138
122
109
104
103
103
102
102
102
102
100
89
84
84
84
83
78
78
78
77
76
76
75
70
62
60
58
58
56
54
55
48
45
45
45
44
43
45
46
43
44
49
44
44
44
42
41
40
36
27
13
-96
-132
-184
-242
-293
-382
-426
-487
-514
-550
-548
-549
-550
-549
-549
-549
-549
-546
-521
-491
-423
-380
-309
-287
-232
-196
-179
-172
-163
-116
-77
-22
23
36
39
38
41
55
74
144
156
185
231
243
280
295
303
321
327
339
348
358
382
400
426
436
446
472
484
506
517
528
542
544
551
551
552
550
552
550
550
548
542
532
516
501
467
450
431
390
377
372
371
371
401
408
401
381
353
301
294
285
275
265
245
240
201
163
150
147
138
94
69
40
30
24
-1
-42
-95
-107
-126
-146
-146
-134
-122
-113
-75
-61
-44
-46
-32
-27
-26
-25
-12
-4
4
5
10
11
9
5
6
6
13
16
18
26
39
38
36
36
38
37
38
38
37
37
38
38
38
39
39
39
38
40
39
40
39
40
40
40
41
42
47
42
44
43
43
42
43
43
42
43
42
42
42
43
42
43
42
43
42
43
42
42
43
43
43
42
42
46
43
43
43
42
44
42
42
42
43
42
43
43
43
42
42
43
42
42
42
42
42
42
42
43
42
46
42
43
43
42
42
42
42
41
42
41
42
42
43
43
42
42
42
43
43
45
43
44
44
44
44
43
45
46
46
44
44
44
45
44
44
40
41
40
41
40
39
38
39
40
40
40
42
44
43
44
45
44
43
43
43
43
44
41
43
43
43
43
43
45
45
43
43
44
43
44
45
43
43
44
43
44
43
44
44
44
44
44
44
40
44
43
44
45
44
44
44
43
42
43
44
44
41
43
43
44
43
44
44
44
42
44
43
44
44
43
42
42
43
45
43
45
42
43
43
44
44
47
43
44
43
45
45
44
44
44
45
44
44
44
43
45
44
45
44
44
40
43
45
44
44
45
44
52
44
44
45
43
44
44
42
45
43
43
43
46
45
44
44
45
44
45
45
43
44
44
45
46
44
45
41
45
44
43
45
44
42
43
46
45
44
44
44
44
43
45
42
45
46
45
46
45
44
46
44
44
44
45
45
45
44
42
45
45
42
44
44
44
46
44
44
44
45
44
42
45
45
46
44
45
44
36
44
44
45
46
43
53
44
44
44
44
44
46
51
44
45
44
45
44
46
42
44
45
44
44
44
44
44
45
44
44
44
45
50
45
43
44
46
45
49
45
45
44
45
44
45
44
44
45
43
45
44
46
44
46
44
44
45
44
45
44
44
45
45
48
44
44
44
45
45
43
44
46
44
45
44
45
44
45
45
44
45
45
44
33
44
44
45
46
44
60
45
43
44
44
45
45
49
45
44
44
46
45
43
47
45
44
44
45
42
55
46
44
43
44
44
44
38
45
46
45
46
43
42
44
43
44
44
45
45
44
43
44
44
44
45
45
45
46
46
44
45
45
46
44
44
46
43
45
45
44
44
44
44
45
44
43
44
45
45
45
44
46
44
45
43
45
44
37
45
44
44
44
45
49
45
44
46
44
46
45
50
43
44
45
46
45
43
42
44
44
43
40
41
44
40
40
40
41
41
41
33
40
41
40
40
41
37
41
40
41
41
42
40
41
40
41
41
40
40
40
40
41
39
42
41
39
40
40
42
41
42
39
40
40
40
41
41
40
40
41
40
41
40
39
39
40
41
40
39
41
41
46
41
40
41
41
39
34
40
40
42
40
41
40
40
39
41
41
40
40
41
40
40
40
41
40
41
46
39
41
41
41
39
40
37
40
41
41
40
42
36
42
40
41
42
41
39
41
42
40
42
41
40
40
41
40
40
41
42
40
41
40
42
40
41
41
41
40
41
40
41
40
40
41
40
40
40
40
41
40
41
41
41
41
41
29
40
39
41
40
41
48
41
40
40
41
40
42
41
40
40
40
40
41
38
40
41
40
41
40
40
36
41
41
38
41
40
39
46
39
40
41
41
39
44
40
40
41
40
41
41
41
40
40
42
39
40
40
40
41
41
40
41
39
40
40
40
41
41
40
40
38
42
40
40
40
40
40
40
41
40
41
41
40
41
41
40
41
39
35
41
41
40
42
40
37
40
41
40
40
40
40
37
41
41
41
39
41
42
40
41
40
40
41
40
40
40
41
40
42
41
42
42
39
41
41
40
40
38
40
41
40
40
39
41
41
39
40
40
40
40
40
42
41
39
41
41
40
40
41
41
40
40
40
42
39
40
41
40
41
41
39
41
40
40
40
41
40
41
40
40
41
40
35
41
40
41
41
40
45
41
40
42
40
41
40
40
40
40
40
42
40
40
41
41
39
40
40
40
37
40
41
40
40
40
40
43
40
41
40
41
40
38
41
40
41
40
41
41
40
41
40
41
42
40
40
41
41
40
41
41
41
40
40
41
40
40
40
41
40
41
41
41
40
41
40
40
40
40
42
40
41
40
40
40
41
40
42
40
41
41
41
40
37
41
40
40
40
40
40
39
41
40
41
39
41
40
40
40
40
40
42
40
45
41
40
40
41
40
41
40
41
41
40
40
41
43
41
41
40
41
40
40
39
40
39
40
42
40
40
40
40
41
39
42
40
40
40
41
40
41
38
40
41
41
40
40
39
41
40
40
41
41
42
40
41
41
41
40
41
40
45
40
40
40
40
41
38
40
41
42
40
40
40
41
41
40
40
40
41
40
40
40
41
41
41
40
38
41
40
40
40
41
40
42
40
40
40
41
40
41
41
41
41
40
39
40
41
